1552597138.660973,0
1552597138.768287,7
1552597138.874450,5
1552597138.982683,13
1552597139.089950,20
1552597139.197575,27
1552597139.304790,36
1552597139.412562,41
1552597139.519925,49
1552597139.628176,57
1552597139.735715,64
1552597139.842245,73
1552597139.950990,82
1552597140.058238,88
1552597140.165249,96
1552597140.272310,99
1552597140.380927,99
1552597140.487782,99
1552597140.595791,98
1552597140.701326,100
1552597140.810510,100
1552597140.918352,99
1552597141.025118,99
1552597141.132060,99
1552597141.238933,99
1552597141.345137,100
1552597141.452511,98
1552597141.561178,99
1552597141.669917,100
1552597141.776524,99
1552597141.882449,100
1552597141.990623,98
1552597142.099887,98
1552597142.208250,99
1552597142.315169,99
1552597142.422390,99
1552597142.529716,100
1552597142.637396,99
1552597142.744003,99
1552597142.851156,99
1552597142.958863,99
1552597143.065754,100
1552597143.172276,99
1552597143.280813,97
1552597143.387753,96
1552597143.494150,95
1552597143.601105,95
1552597143.708962,100
1552597143.815666,99
1552597143.923405,99
1552597144.030618,99
1552597144.140997,100
1552597144.249265,99
1552597144.357677,100
1552597144.463957,96
1552597144.574386,92
1552597144.681392,91
1552597144.789207,93
1552597144.897741,92
1552597145.006204,93
1552597145.113658,94
1552597145.221605,99
1552597145.329795,98
1552597145.437254,99
1552597145.544305,98
1552597145.651752,92
1552597145.760415,86
1552597145.866992,79
1552597145.975241,66
1552597146.083883,52
1552597146.190588,39
1552597146.298973,25
1552597146.405268,13
1552597146.512587,6
1552597146.622849,19
1552597146.730014,18
1552597146.839206,28
1552597146.945952,33
1552597147.056513,41
1552597147.162980,47
1552597147.273362,56
1552597147.380612,55
1552597147.488281,52
1552597147.594541,53
1552597147.704419,51
1552597147.812907,49
1552597147.921351,51
1552597148.026950,51
1552597148.134696,51
1552597148.241816,53
1552597148.350875,59
1552597148.457251,58
1552597148.564358,58
1552597148.672109,58
1552597148.778973,58
1552597148.886610,58
1552597148.993114,56
1552597149.101975,51
1552597149.207824,51
1552597149.315431,51
1552597149.423142,51
1552597149.529899,51
1552597149.638435,51
1552597149.747233,51
1552597149.853231,50
1552597149.961777,50
1552597150.071390,51
1552597150.178256,50
1552597150.286425,49
1552597150.393917,52
1552597150.501919,50
1552597150.608980,50
1552597150.717672,50
1552597150.824627,50
1552597150.932771,50
1552597151.040454,50
1552597151.146455,50
1552597151.254478,50
1552597151.361201,50
1552597151.469842,50
1552597151.577772,50
1552597151.685698,50
1552597151.793906,51
1552597151.901140,51
1552597152.007421,53
1552597152.114811,53
1552597152.222760,52
1552597152.330869,52
1552597152.438030,52
1552597152.546670,52
1552597152.653467,53
1552597152.761216,52
1552597152.868603,51
1552597152.976547,59
1552597153.084714,58
1552597153.194029,58
1552597153.301135,59
1552597153.408240,58
1552597153.516999,59
1552597153.625173,60
1552597153.733040,53
1552597153.841166,53
1552597153.949012,53
1552597154.056128,53
1552597154.163568,53
1552597154.269271,54
1552597154.378223,53
1552597154.486488,51
1552597154.592968,52
1552597154.699127,51
1552597154.806258,52
1552597154.913294,51
1552597155.021170,52
1552597155.127943,52
1552597155.234697,53
1552597155.343016,54
1552597155.449384,53
1552597155.557101,52
1552597155.665351,53
1552597155.772669,53
1552597155.880604,52
1552597155.987690,52
1552597156.095439,52
1552597156.202233,53
1552597156.309873,52
1552597156.417897,52
1552597156.526241,53
1552597156.634411,52
1552597156.742217,52
1552597156.849128,53
1552597156.956417,53
1552597157.064839,53
1552597157.171279,53
1552597157.277775,54
1552597157.385804,55
1552597157.494071,54
1552597157.601466,59
1552597157.709170,60
1552597157.816017,59
1552597157.923043,60
1552597158.030739,59
1552597158.139185,59
1552597158.247181,61
1552597158.354819,58
1552597158.461128,55
1552597158.568929,55
1552597158.676829,55
1552597158.783585,55
1552597158.891172,55
1552597158.997698,54
1552597159.106032,55
1552597159.212301,55
1552597159.319242,54
1552597159.425982,55
1552597159.535127,54
1552597159.642145,54
1552597159.748661,54
1552597159.857603,54
1552597159.964306,55
1552597160.072219,53
1552597160.178939,53
1552597160.286558,54
1552597160.394271,53
1552597160.500585,53
1552597160.608751,54
1552597160.714336,53
1552597160.821910,54
1552597160.929471,54
1552597161.036856,54
1552597161.144654,54
1552597161.251723,54
1552597161.360494,54
1552597161.468517,55
1552597161.575700,56
1552597161.682763,56
1552597161.790102,55
1552597161.898218,55
1552597162.006381,56
1552597162.113372,55
1552597162.221215,54
1552597162.328482,61
1552597162.437013,61
1552597162.545252,62
1552597162.652722,62
1552597162.760269,62
1552597162.866672,62
1552597162.974146,62
1552597163.081204,60
1552597163.188206,57
1552597163.294936,56
1552597163.402040,56
1552597163.510073,56
1552597163.617750,56
1552597163.726182,56
1552597163.833876,56
1552597163.940525,54
1552597164.048361,55
1552597164.154104,54
1552597164.262323,54
1552597164.369366,55
1552597164.477666,55
1552597164.584818,56
1552597164.692068,55
1552597164.799098,55
1552597164.906803,55
1552597165.014609,56
1552597165.122546,56
1552597165.229622,56
1552597165.335596,56
1552597165.442770,57
1552597165.551318,55
1552597165.658683,55
1552597165.764977,56
1552597165.873533,55
1552597165.981178,55
1552597166.089488,56
1552597166.197767,57
1552597166.306031,57
1552597166.414023,57
1552597166.521558,57
1552597166.628792,58
1552597166.735989,57
1552597166.843371,57
1552597166.951378,58
1552597167.057833,63
1552597167.165328,64
1552597167.272846,63
1552597167.380021,62
1552597167.487041,62
1552597167.594800,62
1552597167.702780,63
1552597167.809558,63
1552597167.916532,59
1552597168.024262,58
1552597168.131501,59
1552597168.239973,58
1552597168.347107,57
1552597168.454446,57
1552597168.561175,58
1552597168.668227,59
1552597168.776048,57
1552597168.883979,57
1552597168.990912,57
1552597169.099172,57
1552597169.206969,57
1552597169.314486,57
1552597169.422034,57
1552597169.528536,58
1552597169.635495,57
1552597169.742671,57
1552597169.850852,57
1552597169.958297,57
1552597170.065944,57
1552597170.172579,57
1552597170.278624,58
1552597170.387540,58
1552597170.495256,57
1552597170.602569,57
1552597170.709753,57
1552597170.817642,57
1552597170.925796,58
1552597171.033725,58
1552597171.140764,58
1552597171.248477,58
1552597171.355003,58
1552597171.462277,58
1552597171.568765,58
1552597171.676906,58
1552597171.784233,58
1552597171.892301,64
1552597172.001209,65
1552597172.108409,65
1552597172.215198,65
1552597172.321942,66
1552597172.429338,65
1552597172.536598,65
1552597172.644440,66
1552597172.752086,59
1552597172.859077,59
1552597172.966163,59
1552597173.073895,59
1552597173.181602,60
1552597173.288138,61
1552597173.395875,60
1552597173.502866,60
1552597173.611338,59
1552597173.717906,58
1552597173.824649,59
1552597173.932332,58
1552597174.039194,58
1552597174.147059,58
1552597174.254054,58
1552597174.361739,58
1552597174.468060,58
1552597174.575737,58
1552597174.681614,58
1552597174.788462,59
1552597174.897395,60
1552597175.005253,59
1552597175.111022,60
1552597175.218478,59
1552597175.325084,58
1552597175.432970,58
1552597175.540269,58
1552597175.646985,59
1552597175.755540,60
1552597175.862204,60
1552597175.968793,60
1552597176.076323,60
1552597176.187501,60
1552597176.299258,61
1552597176.407162,61
1552597176.513224,61
1552597176.619730,62
1552597176.728204,67
1552597176.837741,66
1552597176.945824,66
1552597177.054425,67
1552597177.161062,66
1552597177.268698,67
1552597177.377484,67
1552597177.485368,66
1552597177.592358,63
1552597177.699956,62
1552597177.807374,61
1552597177.914971,60
1552597178.021554,61
1552597178.129127,60
1552597178.237495,61
1552597178.344343,61
1552597178.450962,61
1552597178.558117,61
1552597178.664662,60
1552597178.771134,59
1552597178.878818,59
1552597178.986471,59
1552597179.092982,59
1552597179.201620,59
1552597179.310459,60
1552597179.421752,60
1552597179.530653,60
1552597179.637625,60
1552597179.747072,60
1552597179.854643,60
1552597179.961135,60
1552597180.068506,62
1552597180.175410,60
1552597180.283346,61
1552597180.390633,62
1552597180.498284,61
1552597180.605759,61
1552597180.720665,61
1552597180.829049,62
1552597180.936701,61
1552597181.042968,61
1552597181.149821,61
1552597181.258106,61
1552597181.365153,61
1552597181.472254,61
1552597181.578424,63
1552597181.685693,67
1552597181.793136,67
1552597181.901455,68
1552597182.009395,67
1552597182.116180,67
1552597182.223924,67
1552597182.331469,67
1552597182.445418,65
1552597182.554631,60
1552597182.660552,63
1552597182.769107,62
1552597182.877498,62
1552597182.985622,64
1552597183.092017,63
1552597183.200122,63
1552597183.306564,63
1552597183.414203,61
1552597183.521850,61
1552597183.628376,61
1552597183.735236,61
1552597183.842891,62
1552597183.949958,61
1552597184.056803,62
1552597184.162678,61
1552597184.271430,61
1552597184.378944,63
1552597184.486429,62
1552597184.594424,62
1552597184.701720,62
1552597184.809804,62
1552597184.917719,62
1552597185.026369,62
1552597185.133998,62
1552597185.242096,63
1552597185.350177,62
1552597185.455999,63
1552597185.563157,61
1552597185.670681,62
1552597185.778349,62
1552597185.885315,62
1552597185.992503,63
1552597186.100459,64
1552597186.207025,63
1552597186.314027,63
1552597186.422033,63
1552597186.528915,69
1552597186.636090,70
1552597186.743245,70
1552597186.850069,70
1552597186.956265,70
1552597187.064407,69
1552597187.171442,71
1552597187.279084,69
1552597187.386199,68
1552597187.493884,63
1552597187.600679,64
1552597187.707404,65
1552597187.813728,64
1552597187.919472,64
1552597188.026833,66
1552597188.133708,65
1552597188.243258,65
1552597188.352096,66
1552597188.460753,63
1552597188.568801,63
1552597188.675552,63
1552597188.782281,63
1552597188.890775,63
1552597188.998453,63
1552597189.104636,63
1552597189.213243,64
1552597189.319885,62
1552597189.427340,62
1552597189.535352,62
1552597189.642577,63
1552597189.748776,64
1552597189.856800,63
1552597189.963191,63
1552597190.071348,63
1552597190.178650,63
1552597190.286081,64
1552597190.392919,63
1552597190.499948,63
1552597190.606578,64
1552597190.713086,65
1552597190.820982,65
1552597190.930273,65
1552597191.036929,64
1552597191.144489,65
1552597191.252513,65
1552597191.359231,65
1552597191.466659,64
1552597191.573562,71
1552597191.680294,72
1552597191.786903,71
1552597191.893533,71
1552597192.000909,71
1552597192.108480,71
1552597192.215402,72
1552597192.322595,71
1552597192.430427,69
1552597192.537363,65
1552597192.646642,66
1552597192.754655,65
1552597192.861704,65
1552597192.969012,65
1552597193.076835,66
1552597193.183419,67
1552597193.292265,66
1552597193.400083,64
1552597193.507916,65
1552597193.614609,64
1552597193.721401,65
1552597193.827849,64
1552597193.936767,64
1552597194.042293,65
1552597194.149030,64
1552597194.257494,64
1552597194.364396,64
1552597194.471167,64
1552597194.579703,66
1552597194.687158,65
1552597194.795445,65
1552597194.901434,65
1552597195.010606,65
1552597195.119278,65
1552597195.230368,65
1552597195.338787,65
1552597195.452326,65
1552597195.560256,66
1552597195.670320,66
1552597195.778677,67
1552597195.886175,66
1552597195.994437,68
1552597196.103463,68
1552597196.210229,66
1552597196.317449,67
1552597196.424510,66
1552597196.532845,72
1552597196.639881,72
1552597196.747051,72
1552597196.855946,72
1552597196.963241,72
1552597197.069360,72
1552597197.177695,73
1552597197.285840,72
1552597197.392736,72
1552597197.501507,68
1552597197.609166,67
1552597197.717301,67
1552597197.824719,67
1552597197.931268,68
1552597198.038057,67
1552597198.144621,68
1552597198.252261,67
1552597198.360270,67
1552597198.467383,68
1552597198.575940,66
1552597198.682591,67
1552597198.789859,66
1552597198.896940,66
1552597199.004336,67
1552597199.111150,66
1552597199.218979,66
1552597199.326254,66
1552597199.433235,67
1552597199.540520,68
1552597199.648806,67
1552597199.756119,66
1552597199.862160,67
1552597199.969446,66
1552597200.078336,67
1552597200.186504,66
1552597200.293646,66
1552597200.401111,67
1552597200.518637,66
1552597200.626951,67
1552597200.735416,67
1552597200.849152,67
1552597200.981655,67
1552597201.090348,67
1552597201.197623,68
1552597201.306021,67
1552597201.412709,67
1552597201.520317,68
1552597201.628105,70
1552597201.734763,71
1552597201.842548,70
1552597201.950621,70
1552597202.058990,71
1552597202.166499,70
1552597202.274167,71
1552597202.381952,71
1552597202.489878,71
1552597202.596914,69
1552597202.703422,68
1552597202.810397,68
1552597202.918716,69
1552597203.025753,68
1552597203.133701,69
1552597203.241537,68
1552597203.353654,68
1552597203.462109,68
1552597203.569780,69
1552597203.678177,69
1552597203.787480,69
1552597203.898240,69
1552597204.009436,70
1552597204.118928,70
1552597204.226923,70
1552597204.334007,71
1552597204.444422,71
1552597204.552799,70
1552597204.661295,70
1552597204.769201,71
1552597204.879284,70
1552597204.985767,69
1552597205.093257,70
1552597205.202942,69
1552597205.313791,69
1552597205.420525,70
1552597205.528354,69
1552597205.635369,68
1552597205.743751,68
1552597205.856358,68
1552597205.965456,69
1552597206.076419,69
1552597206.183319,68
1552597206.293827,68
1552597206.401599,70
1552597206.510242,69
1552597206.623514,68
1552597206.740491,68
1552597206.852535,68
1552597206.958310,69
1552597207.072286,68
1552597207.181665,69
1552597207.293777,69
1552597207.400603,68
1552597207.511613,68
1552597207.623964,68
1552597207.736244,68
1552597207.849769,69
1552597207.961402,70
1552597208.068825,69
1552597208.177480,69
1552597208.286033,70
1552597208.396078,69
1552597208.502822,68
1552597208.611983,69
1552597208.719784,69
1552597208.833550,69
1552597208.942457,69
1552597209.053923,69
1552597209.166149,69
1552597209.278430,70
1552597209.391877,69
1552597209.502239,69
1552597209.614900,70
1552597209.726906,77
1552597209.838230,77
1552597209.950932,77
1552597210.059810,76
1552597210.172596,76
1552597210.283698,77
1552597210.392036,76
1552597210.499771,76
1552597210.608885,76
1552597210.720171,74
1552597210.830630,69
1552597210.940001,71
1552597211.053323,71
1552597211.163846,71
1552597211.274577,71
1552597211.385294,71
1552597211.497186,71
1552597211.610299,71
1552597211.719882,72
1552597211.831714,70
1552597211.943065,70
1552597212.053656,69
1552597212.163642,69
1552597212.276308,70
1552597212.386659,70
1552597212.513789,70
1552597212.624755,70
1552597212.733710,70
1552597212.841205,70
1552597212.949262,70
1552597213.058460,69
1552597213.165619,71
1552597213.280301,69
1552597213.391119,70
1552597213.503157,70
1552597213.616287,70
1552597213.728099,70
1552597213.838565,71
1552597213.949773,71
1552597214.061789,70
1552597214.173383,72
1552597214.285349,71
1552597214.397147,71
1552597214.509540,71
1552597214.624702,71
1552597214.737364,71
1552597214.850677,71
1552597214.960362,78
1552597215.070058,78
1552597215.183080,79
1552597215.293898,78
1552597215.407012,80
1552597215.516597,79
1552597215.625853,79
1552597215.734395,79
1552597215.843878,79
1552597215.953882,73
1552597216.064186,72
1552597216.174184,72
1552597216.284834,72
1552597216.396538,72
1552597216.508701,72
1552597216.618269,72
1552597216.731679,73
1552597216.841851,73
1552597216.952634,73
1552597217.062929,71
1552597217.175145,71
1552597217.288123,71
1552597217.398260,72
1552597217.513571,71
1552597217.624298,71
1552597217.737055,72
1552597217.846659,70
1552597217.956853,71
1552597218.069885,71
1552597218.181368,71
1552597218.292009,72
1552597218.401918,71
1552597218.513392,71
1552597218.623608,71
1552597218.736136,71
1552597218.848005,71
1552597218.961045,70
1552597219.071302,73
1552597219.181506,72
1552597219.292442,72
1552597219.402813,72
1552597219.514833,73
1552597219.625434,74
1552597219.735859,74
1552597219.848163,74
1552597219.959438,73
1552597220.073230,79
1552597220.182037,80
1552597220.295609,80
1552597220.406929,80
1552597220.517372,80
1552597220.628187,81
1552597220.738677,80
1552597220.849991,80
1552597220.960429,80
1552597221.068437,80
1552597221.180147,73
1552597221.291653,73
1552597221.403750,74
1552597221.511462,74
1552597221.618890,74
1552597221.727578,75
1552597221.834048,74
1552597221.941620,74
1552597222.048451,74
1552597222.156008,74
1552597222.265451,72
1552597222.372671,72
1552597222.481783,72
1552597222.589375,72
1552597222.696061,72
1552597222.805937,73
1552597222.911944,73
1552597223.025045,73
1552597223.136082,72
1552597223.248363,72
1552597223.358311,72
1552597223.468564,72
1552597223.587264,72
1552597223.711947,73
1552597223.826260,73
1552597223.937811,73
1552597224.050093,74
1552597224.170394,73
1552597224.281557,74
1552597224.395200,74
1552597224.506751,74
1552597224.615931,74
1552597224.727084,75
1552597224.838203,74
1552597224.950087,74
1552597225.061879,74
1552597225.173059,74
1552597225.287350,74
1552597225.397634,81
1552597225.508693,82
1552597225.615704,81
1552597225.724270,81
1552597225.835505,82
1552597225.953343,81
1552597226.066373,81
1552597226.177399,82
1552597226.287748,80
1552597226.399741,78
1552597226.514270,75
1552597226.626150,74
1552597226.737902,75
1552597226.848949,76
1552597226.961551,75
1552597227.073115,75
1552597227.187091,75
1552597227.302366,75
1552597227.413191,75
1552597227.531565,73
1552597227.641982,73
1552597227.752501,73
1552597227.865713,74
1552597227.974934,75
1552597228.086170,75
1552597228.199253,74
1552597228.310211,74
1552597228.422143,74
1552597228.532071,74
1552597228.641308,74
1552597228.753197,74
1552597228.864530,75
1552597228.974883,74
1552597229.085702,75
1552597229.197605,74
1552597229.309096,74
1552597229.420035,74
1552597229.531718,75
1552597229.643947,76
1552597229.753634,75
1552597229.864572,75
1552597229.977444,75
1552597230.087791,75
1552597230.200447,76
1552597230.311107,75
1552597230.421992,77
1552597230.531968,77
1552597230.640027,82
1552597230.749137,82
1552597230.859703,82
1552597230.971126,82
1552597231.084261,82
1552597231.194974,82
1552597231.306088,82
1552597231.424286,82
1552597231.537190,83
1552597231.649680,82
1552597231.770596,76
1552597231.883185,76
1552597231.993834,76
1552597232.104928,77
1552597232.221355,76
1552597232.332483,77
1552597232.439770,75
1552597232.547111,75
1552597232.654599,75
1552597232.766300,76
1552597232.882613,76
1552597232.996724,76
1552597233.107312,75
1552597233.218428,75
1552597233.328347,75
1552597233.448221,75
1552597233.559563,75
1552597233.670479,75
1552597233.781485,76
1552597233.892536,77
1552597234.006244,77
1552597234.124747,75
1552597234.235748,75
1552597234.345965,76
1552597234.455648,75
1552597234.567853,75
1552597234.679848,75
1552597234.795475,75
1552597234.907097,76
1552597235.018750,76
1552597235.125427,77
1552597235.233429,77
1552597235.342917,77
1552597235.453550,77
1552597235.564970,77
1552597235.675393,78
1552597235.785089,76
1552597235.897480,76
1552597236.009139,83
1552597236.117548,83
1552597236.227509,83
1552597236.338501,83
1552597236.448931,83
1552597236.562463,83
1552597236.673085,83
1552597236.783946,83
1552597236.893988,84
1552597237.004183,83
1552597237.115745,77
1552597237.227636,78
1552597237.342252,77
1552597237.455916,79
1552597237.565619,78
1552597237.676642,78
1552597237.785078,78
1552597237.897920,80
1552597238.008156,80
1552597238.123023,79
1552597238.231661,77
1552597238.342042,77
1552597238.453720,77
1552597238.564684,77
1552597238.672373,77
1552597238.779861,76
1552597238.886847,78
1552597238.995604,76
1552597239.104354,76
1552597239.221332,77
1552597239.331839,77
1552597239.444298,77
1552597239.554122,77
1552597239.664823,77
1552597239.778721,78
1552597239.889151,76
1552597239.999989,76
1552597240.110385,76
1552597240.221116,78
1552597240.334764,78
1552597240.443857,79
1552597240.557089,79
1552597240.668053,78
1552597240.779545,78
1552597240.893307,78
1552597241.012264,78
1552597241.127993,79
1552597241.244211,78
1552597241.357901,85
1552597241.467722,86
1552597241.582717,85
1552597241.697092,84
1552597241.808374,85
1552597241.917484,84
1552597242.029204,86
1552597242.141839,86
1552597242.252641,85
1552597242.365997,84
1552597242.478283,79
1552597242.590183,79
1552597242.707354,79
1552597242.823386,80
1552597242.933946,79
1552597243.044996,79
1552597243.156299,80
1552597243.265561,80
1552597243.378186,79
1552597243.490577,80
1552597243.602697,78
1552597243.714051,78
1552597243.826887,78
1552597243.935030,78
1552597244.045944,78
1552597244.152496,77
1552597244.264642,77
1552597244.376326,78
1552597244.489432,78
1552597244.599141,78
1552597244.712825,78
1552597244.823791,78
1552597244.934205,78
1552597245.046253,78
1552597245.156339,78
1552597245.263336,78
1552597245.374653,78
1552597245.483287,77
1552597245.592563,79
1552597245.700078,80
1552597245.811950,80
1552597245.923908,79
1552597246.034448,79
1552597246.146450,79
1552597246.257950,79
1552597246.369779,79
1552597246.480786,78
1552597246.590511,80
1552597246.701025,86
1552597246.810738,87
1552597246.917819,87
1552597247.025636,87
1552597247.131937,87
1552597247.241141,88
1552597247.348541,87
1552597247.456114,87
1552597247.565283,88
1552597247.675930,86
1552597247.787586,84
1552597247.898215,80
1552597248.009570,80
1552597248.120545,81
1552597248.233538,81
1552597248.344436,81
1552597248.453785,82
1552597248.566174,82
1552597248.678105,80
1552597248.793199,81
1552597248.904958,80
1552597249.015696,79
1552597249.126319,79
1552597249.238285,79
1552597249.351706,79
1552597249.462983,79
1552597249.573978,80
1552597249.681657,79
1552597249.789210,79
1552597249.897538,80
1552597250.007396,79
1552597250.118332,79
1552597250.227442,79
1552597250.340052,79
1552597250.448278,80
1552597250.559709,79
1552597250.672695,79
1552597250.783577,79
1552597250.891476,79
1552597251.000012,80
1552597251.110221,80
1552597251.221740,80
1552597251.332659,80
1552597251.439849,81
1552597251.548212,81
1552597251.657651,81
1552597251.766228,83
1552597251.879341,82
1552597251.990681,82
1552597252.102535,89
1552597252.213306,88
1552597252.323231,88
1552597252.432764,88
1552597252.547983,88
1552597252.659158,89
1552597252.770565,89
1552597252.882280,89
1552597252.994510,88
1552597253.105677,87
1552597253.215920,86
1552597253.328522,82
1552597253.439203,82
1552597253.550144,81
1552597253.664803,81
1552597253.775863,82
1552597253.888005,82
1552597254.000926,82
1552597254.110741,82
1552597254.223392,82
1552597254.334674,82
1552597254.451636,82
1552597254.562582,80
1552597254.672949,80
1552597254.780429,80
1552597254.888691,80
1552597254.996999,81
1552597255.108695,81
1552597255.219150,80
1552597255.330965,81
1552597255.440835,80
1552597255.553191,80
1552597255.663980,80
1552597255.775667,80
1552597255.886436,80
1552597255.999944,80
1552597256.110207,82
1552597256.220976,82
1552597256.331982,80
1552597256.443513,82
1552597256.553118,82
1552597256.664252,82
1552597256.777660,82
1552597256.888628,82
1552597257.002131,82
1552597257.114135,84
1552597257.222513,83
1552597257.333722,82
1552597257.444244,83
1552597257.555191,84
1552597257.665922,89
1552597257.778622,89
1552597257.891174,89
1552597258.002855,89
1552597258.115807,89
1552597258.227296,89
1552597258.339945,90
1552597258.451235,90
1552597258.568204,88
1552597258.682740,88
1552597258.792698,87
1552597258.900723,84
1552597259.011877,83
1552597259.121786,84
1552597259.229255,83
1552597259.340482,82
1552597259.453321,83
1552597259.564659,83
1552597259.676125,84
1552597259.787575,84
1552597259.907103,83
1552597260.019296,81
1552597260.132835,82
1552597260.247429,81
1552597260.361126,81
1552597260.473404,82
1552597260.584041,83
1552597260.698585,83
1552597260.811286,82
1552597260.922239,81
1552597261.035758,81
1552597261.145287,81
1552597261.254109,82
1552597261.365748,82
1552597261.478400,83
1552597261.589218,83
1552597261.698461,83
1552597261.813892,83
1552597261.921061,84
1552597262.027823,85
1552597262.139002,83
1552597262.247038,83
1552597262.355424,84
1552597262.462185,83
1552597262.573037,83
1552597262.684757,83
1552597262.796185,83
1552597262.902144,84
1552597263.015017,84
1552597263.129346,90
1552597263.246914,92
1552597263.361094,92
1552597263.474641,91
1552597263.590196,90
1552597263.703271,91
1552597263.818208,90
1552597263.930931,90
1552597264.042800,91
1552597264.158401,89
1552597264.274189,90
1552597264.385746,84
1552597264.497752,84
1552597264.610722,84
1552597264.725285,84
1552597264.837516,84
1552597264.946030,85
1552597265.054356,84
1552597265.165356,84
1552597265.277613,84
1552597265.387009,85
1552597265.498260,85
1552597265.613691,83
1552597265.725271,83
1552597265.836702,83
1552597265.955101,82
1552597266.068503,82
1552597266.177818,82
1552597266.289760,83
1552597266.399089,84
1552597266.505189,85
1552597266.618736,85
1552597266.733390,85
1552597266.847769,84
1552597266.956671,84
1552597267.067651,83
1552597267.177296,83
1552597267.289018,83
1552597267.399598,83
1552597267.510687,86
1552597267.624089,86
1552597267.733532,85
1552597267.844365,85
1552597267.955348,85
1552597268.066118,85
1552597268.178222,86
1552597268.291826,84
1552597268.401033,85
1552597268.511955,85
1552597268.626481,85
1552597268.743094,92
1552597268.854817,92
1552597268.967127,92
1552597269.078249,92
1552597269.188535,92
1552597269.300744,91
1552597269.415017,91
1552597269.529763,92
1552597269.641376,91
1552597269.755732,91
1552597269.875626,89
1552597269.988898,86
1552597270.101518,86
1552597270.214411,86
1552597270.327181,85
1552597270.439119,85
1552597270.549906,86
1552597270.664718,85
1552597270.780151,85
1552597270.894530,85
1552597271.005365,85
1552597271.115383,85
1552597271.226409,83
1552597271.337996,85
1552597271.451997,86
1552597271.562755,86
1552597271.674656,85
1552597271.787989,85
1552597271.897022,85
1552597272.007804,85
1552597272.117768,86
1552597272.231045,85
1552597272.341043,84
1552597272.454083,84
1552597272.563747,84
1552597272.674623,85
1552597272.784827,85
1552597272.897094,85
1552597273.007263,86
1552597273.117816,86
1552597273.230232,86
1552597273.340577,86
1552597273.450538,86
1552597273.560708,86
1552597273.671314,85
1552597273.783061,86
1552597273.892469,86
1552597274.001796,88
1552597274.112545,87
1552597274.223291,86
1552597274.334441,93
1552597274.447593,93
1552597274.557584,93
1552597274.671276,92
1552597274.780048,92
1552597274.890594,93
1552597275.000353,93
1552597275.111622,93
1552597275.224366,92
1552597275.335097,92
1552597275.445221,92
1552597275.555562,85
1552597275.667088,86
1552597275.777957,87
1552597275.887881,86
1552597275.999192,86
1552597276.110903,86
1552597276.224113,87
1552597276.333710,86
1552597276.444764,89
1552597276.554984,87
1552597276.667250,87
1552597276.779526,86
1552597276.890446,86
1552597277.002970,85
1552597277.111852,86
1552597277.224293,87
1552597277.334896,87
1552597277.444700,86
1552597277.555285,86
1552597277.665628,86
1552597277.776358,87
1552597277.888560,87
1552597277.998885,86
1552597278.108509,86
1552597278.222320,86
1552597278.333997,85
1552597278.440174,87
1552597278.553646,86
1552597278.663125,87
1552597278.770299,88
1552597278.878115,87
1552597278.987348,87
1552597279.096982,87
1552597279.207663,88
1552597279.321887,87
1552597279.433281,87
1552597279.542340,87
1552597279.654282,88
1552597279.766437,88
1552597279.876548,94
1552597279.984519,95
1552597280.092394,94
1552597280.203475,94
1552597280.313862,94
1552597280.427199,94
1552597280.539017,95
1552597280.651644,93
1552597280.761296,95
1552597280.871281,93
1552597280.983468,93
1552597281.093073,92
1552597281.205479,88
1552597281.316843,88
1552597281.429628,87
1552597281.541170,87
1552597281.653362,88
1552597281.763497,89
1552597281.876614,90
1552597281.986578,89
1552597282.099428,89
1552597282.211836,89
1552597282.321140,89
1552597282.434388,87
1552597282.545165,87
1552597282.663049,87
1552597282.780127,88
1552597282.896031,88
1552597283.009271,87
1552597283.124711,87
1552597283.241388,88
1552597283.352787,88
1552597283.464772,87
1552597283.575022,87
1552597283.686068,87
1552597283.796766,88
1552597283.907842,89
1552597284.017905,87
1552597284.128775,87
1552597284.241534,88
1552597284.349937,88
1552597284.458115,89
1552597284.566362,88
1552597284.676604,88
1552597284.787865,89
1552597284.899621,89
1552597285.008629,89
1552597285.119996,89
1552597285.232910,90
1552597285.343785,90
1552597285.454951,89
1552597285.566588,91
1552597285.679454,91
1552597285.791419,92
1552597285.902110,92
1552597286.012879,92
1552597286.122372,92
1552597286.235616,91
1552597286.346071,91
1552597286.458563,89
1552597286.568076,89
1552597286.680787,89
1552597286.791382,88
1552597286.902810,89
1552597287.015419,89
1552597287.126505,90
1552597287.236817,90
1552597287.349693,90
1552597287.459921,89
1552597287.568996,89
1552597287.677410,89
1552597287.785416,89
1552597287.892585,89
1552597287.999414,90
1552597288.110704,90
1552597288.220670,90
1552597288.328799,91
1552597288.439605,90
1552597288.552311,92
1552597288.662007,91
1552597288.770279,91
1552597288.879470,91
1552597288.987394,91
1552597289.103271,91
1552597289.225773,90
1552597289.337489,90
1552597289.450080,90
1552597289.562604,90
1552597289.676557,90
1552597289.788337,91
1552597289.900400,92
1552597290.013110,92
1552597290.123520,91
1552597290.231138,91
1552597290.342938,90
1552597290.449078,90
1552597290.556148,90
1552597290.666104,90
1552597290.779511,89
1552597290.895651,90
1552597291.004774,89
1552597291.117856,89
1552597291.228248,89
1552597291.340615,90
1552597291.451576,89
1552597291.562687,90
1552597291.678111,90
1552597291.792156,90
1552597291.903820,89
1552597292.019874,89
1552597292.132212,90
1552597292.247226,90
1552597292.362823,90
1552597292.474035,91
1552597292.585954,90
1552597292.696478,89
1552597292.813683,90
1552597292.926533,90
1552597293.039569,90
1552597293.151993,89
1552597293.264469,90
1552597293.376808,90
1552597293.486479,90
1552597293.596527,90
1552597293.710927,91
1552597293.821228,91
1552597293.932790,91
1552597294.043621,90
1552597294.159023,90
1552597294.271482,90
1552597294.382404,90
1552597294.492476,90
1552597294.603734,90
1552597294.715137,91
1552597294.824949,92
1552597294.941396,93
1552597295.054490,91
1552597295.169945,98
1552597295.283346,98
1552597295.395605,98
1552597295.509185,98
1552597295.624723,97
1552597295.736703,98
1552597295.849207,98
1552597295.962466,99
1552597296.073615,96
1552597296.184076,96
1552597296.293021,96
1552597296.403657,95
1552597296.514220,91
1552597296.627657,91
1552597296.740924,92
1552597296.853395,91
1552597296.967159,92
1552597297.078863,91
1552597297.190947,92
1552597297.301568,91
1552597297.410804,92
1552597297.523400,92
1552597297.634190,92
1552597297.743837,91
1552597297.852694,90
1552597297.962990,90
1552597298.073983,90
1552597298.180563,90
1552597298.288214,91
1552597298.401067,91
1552597298.513271,91
1552597298.624025,91
1552597298.733889,91
1552597298.843893,91
1552597298.956003,90
1552597299.067383,90
1552597299.175276,90
1552597299.284248,91
1552597299.393944,91
1552597299.504164,92
1552597299.615021,92
1552597299.725794,92
1552597299.835392,93
1552597299.947373,92
1552597300.057646,92
1552597300.168428,91
1552597300.278032,91
1552597300.388915,92
1552597300.498488,92
1552597300.606190,93
1552597300.714235,94
1552597300.822595,92
1552597300.933717,99
1552597301.046422,99
1552597301.157424,99
1552597301.268397,99
1552597301.380410,100
1552597301.491490,98
1552597301.598070,98
1552597301.706012,99
1552597301.814604,97
1552597301.923571,98
1552597302.034723,98
1552597302.143518,96
1552597302.254436,92
1552597302.366360,92
1552597302.479898,92
1552597302.590659,93
1552597302.701073,92
1552597302.812381,92
1552597302.922667,93
1552597303.033741,94
1552597303.146974,93
1552597303.256453,95
1552597303.367299,93
1552597303.479879,93
1552597303.591961,92
1552597303.705268,91
1552597303.816378,91
1552597303.925656,92
1552597304.039003,91
1552597304.149985,93
1552597304.260120,92
1552597304.373128,92
1552597304.484882,92
1552597304.595490,92
1552597304.708256,92
1552597304.819052,92
1552597304.928973,93
1552597305.039224,91
1552597305.148907,91
1552597305.259169,93
1552597305.368778,94
1552597305.480966,94
1552597305.589586,93
1552597305.701888,93
1552597305.815419,93
1552597305.926621,93
1552597306.045900,92
1552597306.159004,92
1552597306.272650,94
1552597306.386540,94
1552597306.501753,94
1552597306.613775,99
1552597306.723809,99
1552597306.836809,99
1552597306.945686,100
1552597307.057907,98
1552597307.168660,99
1552597307.280132,99
1552597307.391435,99
1552597307.501129,99
1552597307.610821,99
1552597307.723757,98
1552597307.839760,98
1552597307.957525,96
1552597308.069823,93
1552597308.180546,93
1552597308.289927,93
1552597308.400298,94
1552597308.510562,95
1552597308.621734,94
1552597308.734974,94
1552597308.846391,93
1552597308.956430,93
1552597309.068544,93
1552597309.180432,93
1552597309.291068,93
1552597309.401735,93
1552597309.512482,93
1552597309.619806,93
1552597309.731966,93
1552597309.843485,93
1552597309.956211,94
1552597310.069086,94
1552597310.181873,94
1552597310.292352,93
1552597310.401903,93
1552597310.510722,93
1552597310.624513,94
1552597310.736450,93
1552597310.847593,95
1552597310.959613,94
1552597311.069646,94
1552597311.181864,94
1552597311.292319,94
1552597311.402949,94
1552597311.512633,94
1552597311.619587,94
1552597311.729392,93
1552597311.847585,94
1552597311.961199,94
1552597312.073830,93
1552597312.188712,94
1552597312.299615,94
1552597312.412595,94
1552597312.526600,94
1552597312.639997,94
1552597312.753992,94
1552597312.868728,94
1552597312.982491,94
1552597313.103238,94
1552597313.216152,94
1552597313.329269,94
1552597313.439655,93
1552597313.553365,93
1552597313.663917,93
1552597313.777795,93
1552597313.891477,94
1552597314.002238,94
1552597314.111721,95
1552597314.222153,94
1552597314.333191,94
1552597314.445598,94
1552597314.556517,93
1552597314.666776,94
1552597314.777414,95
1552597314.886287,94
1552597314.996067,94
1552597315.106744,94
1552597315.217191,96
1552597315.327449,95
1552597315.440098,95
1552597315.551101,95
1552597315.663143,95
1552597315.772393,95
1552597315.882249,97
1552597315.994217,96
1552597316.107311,96
1552597316.217887,97
1552597316.328390,97
1552597316.438608,97
1552597316.551082,98
1552597316.664119,98
1552597316.777051,98
1552597316.888982,99
1552597317.001704,99
1552597317.112031,98
1552597317.221521,98
1552597317.337618,98
1552597317.449323,98
1552597317.563447,96
1552597317.676431,96
1552597317.787787,96
1552597317.901110,95
1552597318.015846,95
1552597318.134731,95
1552597318.246474,95
1552597318.359514,95
1552597318.472704,95
1552597318.588766,95
1552597318.700021,96
1552597318.816660,95
1552597318.931372,95
1552597319.047442,96
1552597319.160066,96
1552597319.271530,95
1552597319.381755,96
1552597319.492079,97
1552597319.601577,98
1552597319.715775,98
1552597319.827964,99
1552597319.934953,98
1552597320.042962,97
1552597320.149414,97
1552597320.258184,97
1552597320.367422,97
1552597320.476104,98
1552597320.584341,97
1552597320.695184,98
1552597320.805724,97
1552597320.917306,97
1552597321.027643,98
1552597321.139002,98
1552597321.248753,98
1552597321.360958,98
1552597321.472360,98
1552597321.583438,98
1552597321.695210,99
1552597321.805723,98
1552597321.916109,97
1552597322.027419,97
1552597322.139614,96
1552597322.249778,97
1552597322.360912,97
1552597322.471965,97
1552597322.582887,96
1552597322.696684,96
1552597322.806819,96
1552597322.918608,96
1552597323.032519,96
1552597323.143233,96
1552597323.253421,96
1552597323.366879,96
1552597323.477284,95
1552597323.587572,97
1552597323.698312,95
1552597323.806042,95
1552597323.914094,95
1552597324.024655,95
1552597324.135106,95
1552597324.246317,95
1552597324.356304,95
1552597324.465851,96
1552597324.579690,95
1552597324.690172,97
1552597324.798108,96
1552597324.910445,96
1552597325.020414,95
1552597325.128677,97
1552597325.240602,97
1552597325.350204,97
1552597325.460834,97
1552597325.571022,97
1552597325.680878,97
1552597325.791467,97
1552597325.904856,98
1552597326.015870,98
1552597326.127243,98
1552597326.233665,99
1552597326.346640,99
1552597326.461244,99
1552597326.573314,100
1552597326.686781,98
1552597326.798877,98
1552597326.911063,98
1552597327.021308,98
1552597327.137868,99
1552597327.249686,99
1552597327.360033,99
1552597327.469413,98
1552597327.582818,98
1552597327.693348,98
1552597327.803753,97
1552597327.915761,96
1552597328.025811,95
1552597328.139096,95
1552597328.252308,95
1552597328.365363,96
1552597328.477835,95
1552597328.589057,96
1552597328.700314,95
1552597328.812725,95
1552597328.923900,95
1552597329.033458,95
1552597329.142053,95
1552597329.251443,95
1552597329.361315,95
1552597329.471327,90
1552597329.579355,83
1552597329.690334,74
1552597329.799457,68
1552597329.911162,58
1552597330.023589,51
1552597330.137751,45
1552597330.253418,46
1552597330.374415,46
1552597330.488886,47
1552597330.602221,47
1552597330.715191,47
1552597330.827727,48
1552597330.935464,48
1552597331.043800,49
1552597331.160553,48
1552597331.277693,47
1552597331.388087,47
1552597331.501538,47
1552597331.612224,50
1552597331.728377,49
1552597331.841778,48
1552597331.954744,50
1552597332.067035,49
1552597332.182785,48
1552597332.295294,51
1552597332.407916,52
1552597332.518547,51
1552597332.628134,51
1552597332.739015,51
1552597332.849704,51
1552597332.960390,51
1552597333.070280,50
1552597333.181060,50
1552597333.292959,51
1552597333.406969,51
1552597333.518917,51
1552597333.629157,50
1552597333.741331,49
1552597333.852807,49
1552597333.961517,49
1552597334.071136,49
1552597334.181669,49
1552597334.294327,49
1552597334.405936,48
1552597334.516043,47
1552597334.629695,48
1552597334.752717,49
1552597334.862523,48
1552597334.975893,48
1552597335.091665,48
1552597335.203357,47
1552597335.316378,48
1552597335.428606,49
1552597335.540271,49
1552597335.650925,50
1552597335.762754,49
1552597335.872244,49
1552597335.980863,49
1552597336.093517,49
1552597336.203514,49
1552597336.314397,49
1552597336.423976,49
1552597336.534935,49
1552597336.645359,49
1552597336.755549,49
1552597336.866234,51
1552597336.978911,51
1552597337.091600,51
1552597337.201740,50
1552597337.312226,50
1552597337.425168,49
1552597337.535355,48
1552597337.647687,56
1552597337.759541,56
1552597337.869830,57
1552597337.982843,57
1552597338.091569,56
1552597338.202259,56
1552597338.315718,52
1552597338.426781,51
1552597338.541147,51
1552597338.654242,51
1552597338.764886,51
1552597338.876606,52
1552597338.987592,52
1552597339.100043,51
1552597339.209518,50
1552597339.322547,50
1552597339.434278,50
1552597339.546285,50
1552597339.655508,50
1552597339.765267,51
1552597339.875312,50
1552597339.986020,51
1552597340.095938,50
1552597340.205033,50
1552597340.317589,51
1552597340.423633,50
1552597340.531425,51
1552597340.644255,50
1552597340.755225,51
1552597340.861609,50
1552597340.972679,50
1552597341.083829,50
1552597341.195431,51
1552597341.307881,51
1552597341.420555,52
1552597341.533464,53
1552597341.644247,52
1552597341.754802,52
1552597341.866302,52
1552597341.974912,53
1552597342.085785,52
1552597342.192857,58
1552597342.304786,58
1552597342.414797,60
1552597342.526724,58
1552597342.634208,58
1552597342.741477,58
1552597342.849122,59
1552597342.958334,54
1552597343.069885,54
1552597343.178239,53
1552597343.285702,53
1552597343.392739,53
1552597343.499129,52
1552597343.606359,53
1552597343.712931,52
1552597343.820011,52
1552597343.931585,51
1552597344.044874,53
1552597344.154197,51
1552597344.267366,51
1552597344.376543,52
1552597344.488027,51
1552597344.599153,51
1552597344.712591,52
1552597344.823963,52
1552597344.937116,52
1552597345.047030,53
1552597345.157172,52
1552597345.266670,54
1552597345.379063,52
1552597345.490228,53
1552597345.603811,53
1552597345.715260,52
1552597345.827370,52
1552597345.936401,52
1552597346.046537,54
1552597346.157095,53
1552597346.267294,54
1552597346.376824,54
1552597346.486320,54
1552597346.597168,53
1552597346.709657,53
1552597346.820749,55
1552597346.930879,60
1552597347.037964,59
1552597347.147430,59
1552597347.258316,59
1552597347.364601,59
1552597347.472985,60
1552597347.585474,58
1552597347.697090,54
1552597347.807180,55
1552597347.921124,54
1552597348.032489,55
1552597348.145614,56
1552597348.255070,55
1552597348.367624,55
1552597348.478655,53
1552597348.587548,53
1552597348.699892,53
1552597348.808625,53
1552597348.919999,53
1552597349.031214,54
1552597349.143947,54
1552597349.254060,54
1552597349.365033,53
1552597349.476222,55
1552597349.589319,53
1552597349.700770,53
1552597349.813825,53
1552597349.926020,53
1552597350.038025,53
1552597350.150400,53
1552597350.258183,54
1552597350.368646,53
1552597350.480110,53
1552597350.593055,54
1552597350.704275,55
1552597350.812339,55
1552597350.919515,56
1552597351.030553,55
1552597351.141395,54
1552597351.251887,54
1552597351.361508,56
1552597351.474316,55
1552597351.585019,62
1552597351.696981,61
1552597351.808005,61
1552597351.918768,61
1552597352.028938,61
1552597352.141470,62
1552597352.251417,63
1552597352.363454,58
1552597352.473796,56
1552597352.581649,56
1552597352.687494,57
1552597352.796082,56
1552597352.907817,56
1552597353.018368,56
1552597353.130022,56
1552597353.241438,54
1552597353.351820,54
1552597353.470192,55
1552597353.585572,55
1552597353.695607,55
1552597353.809626,55
1552597353.922297,54
1552597354.033506,56
1552597354.144387,55
1552597354.256122,54
1552597354.367610,55
1552597354.485633,55
1552597354.599575,56
1552597354.711851,56
1552597354.824287,56
1552597354.938824,57
1552597355.049681,55
1552597355.162221,55
1552597355.275764,56
1552597355.381875,56
1552597355.490488,57
1552597355.599990,57
1552597355.711731,57
1552597355.822088,58
1552597355.930148,57
1552597356.040733,57
1552597356.153591,57
1552597356.264381,56
1552597356.373679,62
1552597356.484297,64
1552597356.595158,63
1552597356.708184,63
1552597356.818244,63
1552597356.931398,63
1552597357.043456,63
1552597357.155493,59
1552597357.268428,57
1552597357.379380,57
1552597357.491003,57
1552597357.600988,58
1552597357.714374,59
1552597357.825173,59
1552597357.938852,59
1552597358.049619,56
1552597358.163086,56
1552597358.275549,57
1552597358.385870,57
1552597358.497717,56
1552597358.608431,56
1552597358.722071,56
1552597358.834204,57
1552597358.944286,58
1552597359.054575,57
1552597359.166261,57
1552597359.276410,57
1552597359.388410,57
1552597359.499091,57
1552597359.610424,58
1552597359.720756,57
1552597359.830840,56
1552597359.941933,58
1552597360.054476,57
1552597360.167029,57
1552597360.279144,59
1552597360.390761,58
1552597360.501961,58
1552597360.615433,58
1552597360.724055,58
1552597360.834650,59
1552597360.946474,58
1552597361.056646,58
1552597361.167602,64
1552597361.277521,64
1552597361.387745,64
1552597361.498736,64
1552597361.609768,64
1552597361.722905,65
1552597361.837747,65
1552597361.949358,64
1552597362.059968,60
1552597362.174659,60
1552597362.286374,60
1552597362.396839,61
1552597362.512486,61
1552597362.629198,59
1552597362.742089,59
1552597362.853793,58
1552597362.964862,59
1552597363.078408,60
1552597363.189597,58
1552597363.302212,58
1552597363.413570,58
1552597363.526580,58
1552597363.636818,59
1552597363.747065,58
1552597363.858176,59
1552597363.965734,58
1552597364.077758,59
1552597364.191504,58
1552597364.305348,58
1552597364.415830,58
1552597364.528931,58
1552597364.640033,58
1552597364.755095,58
1552597364.871308,58
1552597364.986253,59
1552597365.101924,59
1552597365.212801,59
1552597365.323939,60
1552597365.438435,60
1552597365.551535,60
1552597365.662937,61
1552597365.775402,60
1552597365.887489,59
1552597365.998593,67
1552597366.110002,66
1552597366.221556,66
1552597366.332487,66
1552597366.443080,66
1552597366.552554,67
1552597366.665376,67
1552597366.776837,64
1552597366.887754,62
1552597366.998680,61
1552597367.108676,61
1552597367.219612,61
1552597367.329682,61
1552597367.440339,62
1552597367.550091,61
1552597367.659133,61
1552597367.769222,59
1552597367.877078,59
1552597367.985686,59
1552597368.098980,59
1552597368.209639,59
1552597368.321099,59
1552597368.432660,59
1552597368.542890,60
1552597368.654491,60
1552597368.767569,59
1552597368.879031,59
1552597368.988326,61
1552597369.100621,60
1552597369.212048,60
1552597369.323290,61
1552597369.433540,60
1552597369.542252,60
1552597369.651686,60
1552597369.762361,62
1552597369.872910,61
1552597369.984465,62
1552597370.094777,62
1552597370.201699,61
1552597370.311089,62
1552597370.421736,61
1552597370.532192,61
1552597370.641365,61
1552597370.748804,61
1552597370.858949,67
1552597370.969033,67
1552597371.080175,67
1552597371.191740,68
1552597371.303154,69
1552597371.413043,68
1552597371.522330,68
1552597371.632800,68
1552597371.745774,64
1552597371.857192,62
1552597371.967912,62
1552597372.079954,62
1552597372.190564,63
1552597372.301154,62
1552597372.411448,62
1552597372.523489,62
1552597372.634640,61
1552597372.744636,62
1552597372.854720,63
1552597372.965420,62
1552597373.075602,62
1552597373.187152,61
1552597373.297776,61
1552597373.406658,61
1552597373.520161,62
1552597373.629052,61
1552597373.739854,61
1552597373.853276,62
1552597373.964947,62
1552597374.075694,62
1552597374.187694,63
1552597374.298733,63
1552597374.410508,62
1552597374.520944,61
1552597374.633483,61
1552597374.753854,61
1552597374.860610,63
1552597374.967938,63
1552597375.074822,63
1552597375.180738,64
1552597375.287949,63
1552597375.395637,63
1552597375.504272,63
1552597375.612627,63
1552597375.725241,62
1552597375.834664,68
1552597375.945669,68
1552597376.055620,69
1552597376.163618,68
1552597376.270998,68
1552597376.379351,70
1552597376.486886,70
1552597376.594954,70
1552597376.704307,65
1552597376.814259,64
1552597376.925910,64
1552597377.036413,64
1552597377.144707,64
1552597377.253211,64
1552597377.360255,64
1552597377.469880,64
1552597377.579630,64
1552597377.690204,64
1552597377.803381,63
1552597377.914165,63
1552597378.025918,63
1552597378.138797,63
1552597378.251831,63
1552597378.361701,63
1552597378.472542,63
1552597378.579142,62
1552597378.688442,62
1552597378.797436,63
1552597378.910554,63
1552597379.020605,64
1552597379.132578,64
1552597379.244561,63
1552597379.356618,63
1552597379.468732,63
1552597379.579688,63
1552597379.695442,62
1552597379.803668,63
1552597379.913150,65
1552597380.020467,64
1552597380.131100,64
1552597380.243390,64
1552597380.358104,65
1552597380.466662,65
1552597380.575663,66
1552597380.684458,64
1552597380.793101,70
1552597380.902015,71
1552597381.012154,71
1552597381.123025,71
1552597381.236281,71
1552597381.349032,71
1552597381.459448,71
1552597381.569286,71
1552597381.680622,69
1552597381.791565,65
1552597381.907985,65
1552597382.018467,65
1552597382.126890,66
1552597382.235010,66
1552597382.344853,66
1552597382.457199,66
1552597382.567992,67
1552597382.677817,64
1552597382.787444,64
1552597382.899504,64
1552597383.009425,64
1552597383.120286,65
1552597383.232190,64
1552597383.343047,64
1552597383.455221,64
1552597383.567171,64
1552597383.677430,64
1552597383.789836,64
1552597383.900372,65
1552597384.009569,64
1552597384.119672,64
1552597384.229329,64
1552597384.336855,66
1552597384.445629,64
1552597384.555756,65
1552597384.666360,65
1552597384.779941,66
1552597384.891430,66
1552597385.002126,67
1552597385.112606,66
1552597385.221168,66
1552597385.330352,66
1552597385.439544,66
1552597385.550492,66
1552597385.660782,66
1552597385.772916,73
1552597385.884764,72
1552597385.998337,72
1552597386.108554,73
1552597386.219254,73
1552597386.329192,72
1552597386.436059,73
1552597386.548072,72
1552597386.657436,72
1552597386.770084,66
1552597386.878363,67
1552597386.984109,66
1552597387.096725,67
1552597387.209895,67
1552597387.319328,68
1552597387.430867,68
1552597387.541640,67
1552597387.654859,67
1552597387.767651,65
1552597387.877538,65
1552597387.987325,65
1552597388.099566,67
1552597388.211855,67
1552597388.325657,67
1552597388.437119,67
1552597388.550313,66
1552597388.661882,66
1552597388.771614,66
1552597388.882918,66
1552597388.996488,66
1552597389.111512,67
1552597389.226517,67
1552597389.352471,66
1552597389.470590,66
1552597389.578354,66
1552597389.690654,67
1552597389.801643,66
1552597389.912393,67
1552597390.025095,68
1552597390.134895,68
1552597390.244469,67
1552597390.352674,67
1552597390.461950,67
1552597390.571567,67
1552597390.685175,67
1552597390.799104,66
1552597390.910741,73
1552597391.018865,73
1552597391.129343,73
1552597391.240572,73
1552597391.350574,74
1552597391.461004,74
1552597391.573779,74
1552597391.680024,73
1552597391.789362,72
1552597391.910932,68
1552597392.025696,68
1552597392.136120,69
1552597392.249362,68
1552597392.359496,69
1552597392.471160,69
1552597392.583064,69
1552597392.695466,69
1552597392.808119,67
1552597392.930836,68
1552597393.043780,68
1552597393.155113,68
1552597393.265007,67
1552597393.376275,68
1552597393.487206,68
1552597393.598837,68
1552597393.711451,67
1552597393.826482,67
1552597393.942939,67
1552597394.054435,67
1552597394.164191,68
1552597394.276262,68
1552597394.384506,67
1552597394.496195,67
1552597394.610160,68
1552597394.720098,68
1552597394.832397,68
1552597394.942987,70
1552597395.055845,69
1552597395.160791,68
1552597395.267691,68
1552597395.378537,69
1552597395.485663,68
1552597395.595332,69
1552597395.704070,69
1552597395.812158,68
1552597395.919917,75
1552597396.027041,75
1552597396.134246,75
1552597396.241476,76
1552597396.348390,75
1552597396.455747,77
1552597396.565047,77
1552597396.674525,77
1552597396.781479,77
1552597396.888892,74
1552597396.995723,70
1552597397.102241,70
1552597397.209669,70
1552597397.316240,70
1552597397.422732,70
1552597397.530020,70
1552597397.637627,70
1552597397.745801,71
1552597397.853000,70
1552597397.960280,68
1552597398.067592,68
1552597398.174521,68
1552597398.282036,68
1552597398.391396,69
1552597398.499908,69
1552597398.607558,70
1552597398.714405,69
1552597398.821731,69
1552597398.928524,69
1552597399.035400,69
1552597399.141993,70
1552597399.249497,69
1552597399.363679,68
1552597399.480347,68
1552597399.595716,70
1552597399.707263,69
1552597399.817749,69
1552597399.934812,69
1552597400.047201,70
1552597400.156708,70
1552597400.268106,69
1552597400.379442,69
1552597400.495099,69
1552597400.608807,70
1552597400.724547,71
1552597400.836048,71
1552597400.948424,71
1552597401.062408,77
1552597401.177637,77
1552597401.288131,77
1552597401.400713,78
1552597401.515051,78
1552597401.634806,78
1552597401.746564,78
1552597401.859714,78
1552597401.972418,78
1552597402.085416,75
1552597402.196360,71
1552597402.306413,71
1552597402.419708,71
1552597402.530292,73
1552597402.640995,73
1552597402.753126,72
1552597402.866453,71
1552597402.978725,71
1552597403.092227,71
1552597403.203109,69
1552597403.314099,69
1552597403.425514,69
1552597403.536177,70
1552597403.648016,70
1552597403.759515,70
1552597403.869016,70
1552597403.975138,71
1552597404.084582,70
1552597404.192510,70
1552597404.300525,71
1552597404.409075,70
1552597404.516752,70
1552597404.624901,71
1552597404.734414,69
1552597404.845120,69
1552597404.957381,71
1552597405.068104,71
1552597405.176997,73
1552597405.285183,72
1552597405.393749,72
1552597405.503321,72
1552597405.611801,73
1552597405.720650,72
1552597405.830425,72
1552597405.940017,72
1552597406.047809,72
1552597406.157524,71
1552597406.267323,78
1552597406.377562,80
1552597406.486254,79
1552597406.596572,79
1552597406.708255,79
1552597406.818786,79
1552597406.928519,80
1552597407.039500,79
1552597407.151547,79
1552597407.264548,76
1552597407.377352,72
1552597407.490953,74
1552597407.601891,73
1552597407.714236,73
1552597407.825064,73
1552597407.935747,72
1552597408.046381,72
1552597408.157601,73
1552597408.268853,73
1552597408.380560,71
1552597408.493393,70
1552597408.606833,70
1552597408.717511,71
1552597408.829996,71
1552597408.941301,71
1552597409.053474,71
1552597409.164594,72
1552597409.276943,72
1552597409.389881,73
1552597409.500539,72
1552597409.610763,72
1552597409.721089,71
1552597409.831056,72
1552597409.941330,73
1552597410.050974,72
1552597410.160671,72
1552597410.270307,72
1552597410.382765,74
1552597410.492859,74
1552597410.602206,73
1552597410.714194,73
1552597410.824605,73
1552597410.938298,74
1552597411.048861,74
1552597411.160717,73
1552597411.273197,74
1552597411.383783,74
1552597411.497522,80
1552597411.607520,80
1552597411.719934,80
1552597411.831739,80
1552597411.943714,81
1552597412.054302,82
1552597412.163990,80
1552597412.274259,80
1552597412.388570,80
1552597412.500039,77
1552597412.610338,74
1552597412.722454,73
1552597412.833427,73
1552597412.944685,73
1552597413.057498,73
1552597413.167240,73
1552597413.277858,74
1552597413.389225,74
1552597413.501988,74
1552597413.612902,73
1552597413.721249,74
1552597413.833312,74
1552597413.949562,74
1552597414.073786,74
1552597414.182733,74
1552597414.298438,73
1552597414.409600,73
1552597414.519442,74
1552597414.631158,74
1552597414.746038,73
1552597414.862488,73
1552597414.972778,73
1552597415.081525,73
1552597415.191612,74
1552597415.302517,74
1552597415.412691,73
1552597415.526494,73
1552597415.636901,75
1552597415.746980,74
1552597415.861484,75
1552597415.975425,75
1552597416.086949,74
1552597416.197360,75
1552597416.309554,75
1552597416.418646,74
1552597416.529373,74
1552597416.639838,75
1552597416.750099,81
1552597416.863460,81
1552597416.972697,81
1552597417.083171,81
1552597417.193255,82
1552597417.306573,82
1552597417.417095,82
1552597417.525862,82
1552597417.636551,80
1552597417.747916,80
1552597417.860449,74
1552597417.971740,75
1552597418.085376,76
1552597418.194737,77
1552597418.304788,75
1552597418.413616,75
1552597418.524045,75
1552597418.634251,76
1552597418.740170,76
1552597418.851820,76
1552597418.965074,74
1552597419.075712,74
1552597419.183950,74
1552597419.292085,74
1552597419.402412,74
1552597419.513332,74
1552597419.621477,74
1552597419.732944,74
1552597419.845474,74
1552597419.956009,74
1552597420.066913,75
1552597420.179905,75
1552597420.291666,74
1552597420.402802,76
1552597420.511236,74
1552597420.624218,74
1552597420.733874,74
1552597420.846661,74
1552597420.956300,76
1552597421.069860,75
1552597421.179970,76
1552597421.290317,75
1552597421.403978,76
1552597421.513496,76
1552597421.623378,76
1552597421.734241,77
1552597421.845700,75
1552597421.955847,75
1552597422.066638,82
1552597422.176573,82
1552597422.286850,83
1552597422.392939,82
1552597422.500530,83
1552597422.608185,83
1552597422.714292,83
1552597422.821126,84
1552597422.932642,83
1552597423.045500,82
1552597423.155912,77
1552597423.268325,77
1552597423.380614,77
1552597423.491800,77
1552597423.602197,77
1552597423.713124,77
1552597423.823772,78
1552597423.936512,77
1552597424.046978,77
1552597424.156759,78
1552597424.264731,77
1552597424.376946,76
1552597424.487091,76
1552597424.602623,77
1552597424.712813,76
1552597424.825129,75
1552597424.937029,75
1552597425.048889,75
1552597425.163661,76
1552597425.276207,76
1552597425.390553,76
1552597425.501283,76
1552597425.612042,77
1552597425.728346,75
1552597425.841217,75
1552597425.955610,75
1552597426.068285,76
1552597426.183635,76
1552597426.296404,77
1552597426.410785,77
1552597426.527898,76
1552597426.639851,76
1552597426.752831,76
1552597426.863264,76
1552597426.973585,78
1552597427.085225,78
1552597427.198817,80
1552597427.310996,79
1552597427.422180,85
1552597427.533008,84
1552597427.643087,84
1552597427.753307,85
1552597427.865360,85
1552597427.976152,84
1552597428.088818,84
1552597428.200271,85
1552597428.311304,84
1552597428.418256,83
1552597428.527407,78
1552597428.638396,79
1552597428.748347,78
1552597428.860465,78
1552597428.970775,78
1552597429.084035,78
1552597429.193970,78
1552597429.306103,79
1552597429.416526,80
1552597429.528552,79
1552597429.639721,77
1552597429.749984,77
1552597429.855991,77
1552597429.968755,77
1552597430.082519,78
1552597430.194489,77
1552597430.304941,76
1552597430.416593,77
1552597430.529575,77
1552597430.638512,78
1552597430.750886,77
1552597430.861166,77
1552597430.971917,77
1552597431.085220,77
1552597431.196105,76
1552597431.306528,76
1552597431.413832,76
1552597431.522592,76
1552597431.630816,78
1552597431.739931,79
1552597431.850052,79
1552597431.961689,79
1552597432.071994,79
1552597432.183051,79
1552597432.294813,79
1552597432.405826,80
1552597432.530027,78
1552597432.643335,79
1552597432.755379,86
1552597432.866522,86
1552597432.977393,86
1552597433.090469,86
1552597433.201701,87
1552597433.315571,86
1552597433.426640,86
1552597433.537524,85
1552597433.647767,85
1552597433.762518,85
1552597433.872191,81
1552597433.984169,80
1552597434.094998,79
1552597434.205632,79
1552597434.317388,80
1552597434.430433,79
1552597434.542563,79
1552597434.655999,80
1552597434.766728,79
1552597434.879414,79
1552597434.989255,80
1552597435.103462,78
1552597435.214129,78
1552597435.327396,78
1552597435.438143,78
1552597435.548774,79
1552597435.659697,78
1552597435.771129,78
1552597435.882171,77
1552597435.992523,78
1552597436.103161,78
1552597436.213643,79
1552597436.325055,78
1552597436.435717,78
1552597436.547625,79
1552597436.658920,79
1552597436.768717,79
1552597436.882065,78
1552597436.993269,81
1552597437.103269,80
1552597437.214658,80
1552597437.324704,80
1552597437.436114,80
1552597437.556375,80
1552597437.665313,80
1552597437.776154,80
1552597437.886251,81
1552597437.996751,81
1552597438.107724,87
1552597438.220200,87
1552597438.332910,87
1552597438.444884,87
1552597438.554910,87
1552597438.663327,87
1552597438.771997,87
1552597438.881631,87
1552597438.991069,87
1552597439.103925,86
1552597439.214037,85
1552597439.325942,81
1552597439.439469,82
1552597439.550852,82
1552597439.661765,81
1552597439.775098,81
1552597439.884988,81
1552597439.994190,80
1552597440.101864,80
1552597440.210430,80
1552597440.321578,80
1552597440.442513,81
1552597440.553718,79
1552597440.665071,79
1552597440.781476,79
1552597440.893822,80
1552597441.005474,80
1552597441.119381,80
1552597441.229877,80
1552597441.342533,81
1552597441.455469,81
1552597441.566430,82
1552597441.680737,82
1552597441.796610,81
1552597441.910096,81
1552597442.022166,81
1552597442.135396,81
1552597442.251181,80
