1552598148.045482,0
1552598148.156062,8
1552598148.266745,6
1552598148.377850,15
1552598148.488835,20
1552598148.600496,27
1552598148.711750,35
1552598148.822372,42
1552598148.933779,50
1552598149.045179,60
1552598149.157729,67
1552598149.269285,77
1552598149.379746,83
1552598149.490440,93
1552598149.601760,99
1552598149.713566,99
1552598149.825896,99
1552598149.935556,100
1552598150.046772,99
1552598150.158270,100
1552598150.268405,98
1552598150.378527,99
1552598150.489851,99
1552598150.599916,100
1552598150.711823,99
1552598150.822936,99
1552598150.934355,99
1552598151.045557,99
1552598151.156437,98
1552598151.267407,99
1552598151.380180,98
1552598151.490102,100
1552598151.602146,98
1552598151.712825,99
1552598151.823922,98
1552598151.936196,98
1552598152.051793,99
1552598152.164640,99
1552598152.275474,99
1552598152.385404,100
1552598152.495498,97
1552598152.605542,97
1552598152.715843,96
1552598152.828369,95
1552598152.939187,93
1552598153.050771,96
1552598153.164017,98
1552598153.278540,99
1552598153.389687,100
1552598153.506608,100
1552598153.617845,100
1552598153.728686,99
1552598153.839608,95
1552598153.950679,93
1552598154.062268,93
1552598154.173793,94
1552598154.283979,94
1552598154.396263,99
1552598154.507461,100
1552598154.619255,100
1552598154.730621,100
1552598154.841789,99
1552598154.952391,96
1552598155.062556,84
1552598155.174980,70
1552598155.285677,57
1552598155.396267,43
1552598155.507732,30
1552598155.618988,20
1552598155.730993,35
1552598155.841010,39
1552598155.952751,36
1552598156.062507,38
1552598156.173477,40
1552598156.284919,47
1552598156.395490,54
1552598156.505440,59
1552598156.616371,59
1552598156.727457,59
1552598156.838635,60
1552598156.951661,58
1552598157.062566,55
1552598157.173831,48
1552598157.285620,50
1552598157.397271,51
1552598157.508464,51
1552598157.620295,51
1552598157.730259,49
1552598157.841386,50
1552598157.951514,48
1552598158.063215,50
1552598158.174528,48
1552598158.285406,48
1552598158.397265,48
1552598158.507280,48
1552598158.618134,48
1552598158.728803,48
1552598158.840164,47
1552598158.952457,47
1552598159.063048,47
1552598159.173752,48
1552598159.284225,49
1552598159.408506,49
1552598159.520658,50
1552598159.633080,50
1552598159.745284,49
1552598159.858437,49
1552598159.972498,49
1552598160.087223,50
1552598160.200397,49
1552598160.312405,56
1552598160.425838,56
1552598160.537489,56
1552598160.648797,56
1552598160.759544,57
1552598160.874176,55
1552598160.989212,53
1552598161.102453,51
1552598161.214168,51
1552598161.326219,50
1552598161.440985,50
1552598161.552950,50
1552598161.664316,50
1552598161.775683,49
1552598161.887792,50
1552598161.999407,49
1552598162.110091,49
1552598162.223714,49
1552598162.336137,49
1552598162.449229,50
1552598162.560777,50
1552598162.673443,50
1552598162.785389,49
1552598162.897126,50
1552598163.010551,50
1552598163.124117,50
1552598163.237042,50
1552598163.347313,51
1552598163.457534,50
1552598163.567786,50
1552598163.681317,50
1552598163.793916,50
1552598163.904638,50
1552598164.015515,51
1552598164.126839,52
1552598164.238401,51
1552598164.349034,51
1552598164.460242,51
1552598164.573820,51
1552598164.682961,52
1552598164.794388,50
1552598164.904784,57
1552598165.015576,58
1552598165.128150,57
1552598165.245907,58
1552598165.358094,57
1552598165.470042,58
1552598165.580859,56
1552598165.694460,53
1552598165.803326,52
1552598165.913349,52
1552598166.023638,52
1552598166.134666,54
1552598166.246501,54
1552598166.356340,53
1552598166.471601,51
1552598166.584098,51
1552598166.694791,51
1552598166.806983,51
1552598166.919884,51
1552598167.031407,51
1552598167.146412,52
1552598167.258953,51
1552598167.371053,51
1552598167.483170,52
1552598167.593560,51
1552598167.704076,51
1552598167.817940,51
1552598167.929014,51
1552598168.040840,51
1552598168.151819,52
1552598168.263758,52
1552598168.375847,52
1552598168.487615,52
1552598168.597310,51
1552598168.709782,53
1552598168.822599,53
1552598168.933762,53
1552598169.045535,53
1552598169.157155,53
1552598169.267861,55
1552598169.380469,54
1552598169.492394,53
1552598169.603700,59
1552598169.713577,59
1552598169.824498,59
1552598169.935346,60
1552598170.046392,59
1552598170.160346,60
1552598170.291369,58
1552598170.402884,54
1552598170.515517,54
1552598170.626893,55
1552598170.738301,55
1552598170.849209,54
1552598170.961449,54
1552598171.071579,54
1552598171.182958,52
1552598171.294243,53
1552598171.407415,53
1552598171.516994,53
1552598171.626930,53
1552598171.736547,52
1552598171.846123,52
1552598171.955339,53
1552598172.065293,53
1552598172.175242,53
1552598172.283702,54
1552598172.393971,54
1552598172.503068,53
1552598172.614181,53
1552598172.725536,53
1552598172.835155,53
1552598172.946600,55
1552598173.055872,54
1552598173.167283,54
1552598173.276681,54
1552598173.387515,54
1552598173.498076,56
1552598173.608422,54
1552598173.717988,54
1552598173.829416,54
1552598173.939773,54
1552598174.050370,55
1552598174.160703,53
1552598174.271151,60
1552598174.381724,60
1552598174.491538,60
1552598174.601131,60
1552598174.709797,60
1552598174.818833,61
1552598174.927869,61
1552598175.039084,56
1552598175.149586,56
1552598175.261662,56
1552598175.371210,56
1552598175.482373,56
1552598175.594933,56
1552598175.706038,56
1552598175.815706,56
1552598175.925951,54
1552598176.036472,55
1552598176.146170,55
1552598176.255199,55
1552598176.365580,56
1552598176.474490,55
1552598176.585577,55
1552598176.695190,55
1552598176.806753,56
1552598176.919801,55
1552598177.029644,54
1552598177.139513,54
1552598177.250242,55
1552598177.359818,56
1552598177.469465,55
1552598177.579423,55
1552598177.689144,55
1552598177.799223,55
1552598177.909698,56
1552598178.019073,54
1552598178.129256,55
1552598178.239135,55
1552598178.349486,56
1552598178.459846,56
1552598178.570451,56
1552598178.681003,56
1552598178.790522,57
1552598178.902227,57
1552598179.012401,64
1552598179.122369,63
1552598179.233215,62
1552598179.343251,62
1552598179.451873,63
1552598179.562191,63
1552598179.671332,63
1552598179.780539,63
1552598179.890003,58
1552598180.000442,57
1552598180.110003,59
1552598180.219100,57
1552598180.328216,57
1552598180.439294,57
1552598180.550582,58
1552598180.660324,56
1552598180.771592,55
1552598180.882221,55
1552598180.993546,55
1552598181.103046,57
1552598181.211753,56
1552598181.321357,56
1552598181.438018,56
1552598181.553232,56
1552598181.668459,56
1552598181.780681,57
1552598181.892068,55
1552598182.004754,56
1552598182.118956,56
1552598182.229456,57
1552598182.344944,57
1552598182.459326,57
1552598182.573506,57
1552598182.686408,57
1552598182.797643,56
1552598182.907311,57
1552598183.023837,58
1552598183.141089,58
1552598183.258962,58
1552598183.370551,58
1552598183.488004,59
1552598183.598635,58
1552598183.713465,58
1552598183.826964,64
1552598183.938104,64
1552598184.051571,64
1552598184.163784,64
1552598184.274495,64
1552598184.387515,64
1552598184.498741,64
1552598184.609944,62
1552598184.720674,58
1552598184.830950,59
1552598184.941782,59
1552598185.054447,60
1552598185.167820,59
1552598185.279177,59
1552598185.391103,58
1552598185.501772,57
1552598185.613051,57
1552598185.724344,58
1552598185.834159,58
1552598185.945443,58
1552598186.055571,58
1552598186.165805,58
1552598186.277298,58
1552598186.387798,59
1552598186.499309,58
1552598186.610476,58
1552598186.722006,58
1552598186.832913,58
1552598186.944249,59
1552598187.055957,58
1552598187.166696,60
1552598187.277203,58
1552598187.389297,58
1552598187.499872,58
1552598187.609744,58
1552598187.720887,59
1552598187.832087,60
1552598187.943415,59
1552598188.053980,60
1552598188.164605,60
1552598188.275575,59
1552598188.386885,59
1552598188.497225,59
1552598188.608658,65
1552598188.720220,65
1552598188.831882,65
1552598188.943620,65
1552598189.054954,66
1552598189.165926,67
1552598189.276319,67
1552598189.387593,66
1552598189.496115,63
1552598189.607836,61
1552598189.722150,61
1552598189.832881,61
1552598189.945498,60
1552598190.056294,62
1552598190.167716,60
1552598190.278281,61
1552598190.389237,60
1552598190.500473,60
1552598190.611488,60
1552598190.722551,59
1552598190.834861,59
1552598190.945036,60
1552598191.056221,59
1552598191.167157,59
1552598191.278366,59
1552598191.389324,59
1552598191.500125,59
1552598191.610355,60
1552598191.720893,61
1552598191.833306,60
1552598191.943774,59
1552598192.054636,59
1552598192.166024,59
1552598192.277365,59
1552598192.389171,60
1552598192.509122,59
1552598192.620717,61
1552598192.731270,61
1552598192.842715,62
1552598192.953893,61
1552598193.065080,61
1552598193.176618,61
1552598193.287821,62
1552598193.398277,61
1552598193.511610,67
1552598193.625183,67
1552598193.737318,68
1552598193.847554,69
1552598193.967999,68
1552598194.081396,68
1552598194.195818,67
1552598194.308865,67
1552598194.422674,63
1552598194.540596,63
1552598194.658972,61
1552598194.773004,61
1552598194.885606,62
1552598194.999618,62
1552598195.117343,62
1552598195.232207,62
1552598195.347818,60
1552598195.461651,60
1552598195.574187,60
1552598195.686862,61
1552598195.799693,61
1552598195.913122,61
1552598196.025827,61
1552598196.136975,60
1552598196.249037,60
1552598196.359345,60
1552598196.470841,60
1552598196.583137,60
1552598196.700498,62
1552598196.819540,61
1552598196.934586,62
1552598197.048578,62
1552598197.160741,61
1552598197.273777,61
1552598197.385604,61
1552598197.496042,63
1552598197.607826,62
1552598197.722664,63
1552598197.835376,63
1552598197.947550,63
1552598198.060001,62
1552598198.173624,62
1552598198.289076,63
1552598198.411536,62
1552598198.522995,69
1552598198.636376,68
1552598198.751069,68
1552598198.865184,68
1552598198.978992,68
1552598199.091170,68
1552598199.203634,68
1552598199.313718,67
1552598199.423958,62
1552598199.533804,63
1552598199.646331,64
1552598199.767650,63
1552598199.879493,63
1552598199.992496,63
1552598200.105673,63
1552598200.218122,64
1552598200.328875,61
1552598200.441204,61
1552598200.552526,63
1552598200.663428,63
1552598200.774204,63
1552598200.885791,63
1552598200.996651,64
1552598201.107639,63
1552598201.218890,62
1552598201.330507,62
1552598201.441203,62
1552598201.552804,63
1552598201.663580,63
1552598201.773448,64
1552598201.884551,63
1552598201.995779,63
1552598202.106026,63
1552598202.217112,63
1552598202.329088,63
1552598202.441944,65
1552598202.553078,63
1552598202.661987,63
1552598202.772846,64
1552598202.883495,64
1552598202.994787,64
1552598203.105842,65
1552598203.217305,64
1552598203.328368,64
1552598203.441003,70
1552598203.553264,69
1552598203.666070,69
1552598203.777318,70
1552598203.887100,71
1552598203.997436,71
1552598204.107439,70
1552598204.218668,70
1552598204.330824,69
1552598204.442221,65
1552598204.557529,65
1552598204.668065,65
1552598204.779813,65
1552598204.890541,66
1552598205.002125,66
1552598205.113018,66
1552598205.225449,65
1552598205.334768,64
1552598205.445248,64
1552598205.555684,64
1552598205.665975,65
1552598205.778037,64
1552598205.889567,64
1552598206.000809,64
1552598206.110247,64
1552598206.221133,64
1552598206.331773,65
1552598206.444935,65
1552598206.555652,64
1552598206.665639,64
1552598206.775907,64
1552598206.886820,64
1552598207.000415,63
1552598207.112207,65
1552598207.223428,64
1552598207.333770,64
1552598207.444178,65
1552598207.556459,65
1552598207.667011,65
1552598207.778999,65
1552598207.890075,66
1552598208.001734,65
1552598208.112149,65
1552598208.223593,65
1552598208.335038,66
1552598208.446036,72
1552598208.556503,73
1552598208.666914,72
1552598208.777432,72
1552598208.888752,72
1552598208.998236,72
1552598209.109314,73
1552598209.220306,73
1552598209.331715,73
1552598209.443473,67
1552598209.553788,67
1552598209.664555,67
1552598209.775437,67
1552598209.886491,67
1552598209.997286,67
1552598210.109165,66
1552598210.220738,67
1552598210.333635,66
1552598210.447532,67
1552598210.558179,66
1552598210.670313,65
1552598210.780638,65
1552598210.891559,65
1552598211.003505,65
1552598211.117676,65
1552598211.231597,65
1552598211.341369,66
1552598211.451021,65
1552598211.561424,66
1552598211.674584,65
1552598211.785063,66
1552598211.896300,65
1552598212.006401,65
1552598212.118266,66
1552598212.230798,65
1552598212.340664,66
1552598212.451728,66
1552598212.564146,68
1552598212.677144,69
1552598212.788356,67
1552598212.900945,68
1552598213.012472,68
1552598213.124489,67
1552598213.236904,67
1552598213.347304,67
1552598213.461485,66
1552598213.571326,73
1552598213.687838,74
1552598213.796955,73
1552598213.908566,74
1552598214.019099,74
1552598214.131049,73
1552598214.241340,73
1552598214.352143,73
1552598214.463617,71
1552598214.575822,67
1552598214.689465,68
1552598214.801144,68
1552598214.912018,68
1552598215.023137,68
1552598215.136246,69
1552598215.250822,68
1552598215.361976,69
1552598215.477881,66
1552598215.588024,67
1552598215.701766,68
1552598215.813073,67
1552598215.923761,67
1552598216.034026,66
1552598216.146147,66
1552598216.256307,67
1552598216.367713,68
1552598216.479143,67
1552598216.590334,67
1552598216.705531,67
1552598216.820076,68
1552598216.930985,68
1552598217.041471,68
1552598217.152612,67
1552598217.262654,68
1552598217.372865,68
1552598217.495897,67
1552598217.606054,68
1552598217.717992,69
1552598217.828590,69
1552598217.938588,68
1552598218.049762,68
1552598218.161325,69
1552598218.273368,69
1552598218.384632,68
1552598218.496492,69
1552598218.606878,76
1552598218.718073,75
1552598218.830760,75
1552598218.943738,75
1552598219.057597,75
1552598219.167985,75
1552598219.278915,75
1552598219.389169,77
1552598219.499538,76
1552598219.609924,71
1552598219.720880,69
1552598219.831555,69
1552598219.942404,69
1552598220.054438,69
1552598220.165765,69
1552598220.278358,69
1552598220.389529,70
1552598220.500058,70
1552598220.612219,68
1552598220.723223,69
1552598220.833124,69
1552598220.943927,69
1552598221.054916,70
1552598221.165912,68
1552598221.275951,68
1552598221.386635,68
1552598221.497552,68
1552598221.608566,68
1552598221.718647,68
1552598221.829387,68
1552598221.939931,68
1552598222.052102,68
1552598222.162408,69
1552598222.273035,70
1552598222.384376,70
1552598222.497985,69
1552598222.618340,68
1552598222.728852,69
1552598222.840266,70
1552598222.953221,70
1552598223.062805,69
1552598223.173534,69
1552598223.282502,70
1552598223.396486,70
1552598223.506784,70
1552598223.615918,70
1552598223.729236,77
1552598223.839632,77
1552598223.951309,76
1552598224.062210,76
1552598224.173457,76
1552598224.283762,76
1552598224.392922,77
1552598224.504659,77
1552598224.614883,78
1552598224.727370,75
1552598224.840089,71
1552598224.954993,71
1552598225.065710,71
1552598225.175961,71
1552598225.286289,72
1552598225.397344,72
1552598225.508590,72
1552598225.619711,72
1552598225.732141,72
1552598225.843311,70
1552598225.953218,70
1552598226.065301,71
1552598226.177181,71
1552598226.289245,69
1552598226.401637,69
1552598226.513228,70
1552598226.624516,70
1552598226.736747,70
1552598226.847521,70
1552598226.958607,71
1552598227.071364,71
1552598227.181607,70
1552598227.293184,70
1552598227.403366,69
1552598227.513202,69
1552598227.624353,71
1552598227.735346,71
1552598227.846141,71
1552598227.956645,71
1552598228.069243,71
1552598228.183522,71
1552598228.297341,71
1552598228.407555,70
1552598228.518537,70
1552598228.630582,72
1552598228.742572,72
1552598228.855310,72
1552598228.966202,79
1552598229.076782,79
1552598229.187202,79
1552598229.296911,80
1552598229.407475,79
1552598229.517730,78
1552598229.629016,78
1552598229.738326,78
1552598229.848547,79
1552598229.958416,74
1552598230.068602,73
1552598230.178143,73
1552598230.288474,73
1552598230.398223,72
1552598230.510854,72
1552598230.623139,72
1552598230.734412,72
1552598230.846715,73
1552598230.957074,72
1552598231.068764,70
1552598231.179840,70
1552598231.290416,71
1552598231.401156,72
1552598231.515617,72
1552598231.626047,71
1552598231.738798,71
1552598231.850693,71
1552598231.962875,71
1552598232.076152,71
1552598232.190212,71
1552598232.304160,71
1552598232.416822,71
1552598232.528762,71
1552598232.645829,71
1552598232.763757,72
1552598232.878114,72
1552598232.993139,73
1552598233.110038,72
1552598233.223769,73
1552598233.335133,74
1552598233.447188,74
1552598233.558878,73
1552598233.669827,73
1552598233.781403,73
1552598233.893073,73
1552598234.010941,73
1552598234.124610,80
1552598234.237368,80
1552598234.351430,80
1552598234.463304,80
1552598234.573380,80
1552598234.686098,80
1552598234.797479,80
1552598234.908262,81
1552598235.019877,81
1552598235.129227,78
1552598235.241977,75
1552598235.352937,74
1552598235.462003,74
1552598235.572947,74
1552598235.684490,73
1552598235.796393,73
1552598235.908071,74
1552598236.019421,73
1552598236.128927,74
1552598236.240839,72
1552598236.350425,72
1552598236.460784,72
1552598236.573075,72
1552598236.685085,72
1552598236.796271,72
1552598236.907438,72
1552598237.018559,72
1552598237.129881,72
1552598237.239895,73
1552598237.350179,72
1552598237.460097,72
1552598237.572867,72
1552598237.683803,73
1552598237.795489,73
1552598237.905836,74
1552598238.016496,73
1552598238.127064,73
1552598238.239397,73
1552598238.351215,74
1552598238.462554,74
1552598238.574457,75
1552598238.686529,74
1552598238.798222,75
1552598238.909591,74
1552598239.019466,74
1552598239.131926,74
1552598239.243549,75
1552598239.354778,82
1552598239.465114,83
1552598239.576016,83
1552598239.687600,81
1552598239.799944,81
1552598239.910234,81
1552598240.021464,81
1552598240.130840,82
1552598240.241960,82
1552598240.353211,80
1552598240.463713,76
1552598240.576140,74
1552598240.687559,75
1552598240.798305,75
1552598240.908535,75
1552598241.019174,75
1552598241.130966,76
1552598241.241490,75
1552598241.351598,75
1552598241.461987,74
1552598241.572331,73
1552598241.687543,73
1552598241.817331,73
1552598241.931639,73
1552598242.043065,73
1552598242.155579,74
1552598242.269392,74
1552598242.381823,75
1552598242.493023,74
1552598242.603003,74
1552598242.719262,76
1552598242.835042,75
1552598242.945953,74
1552598243.057722,74
1552598243.169340,74
1552598243.280509,74
1552598243.391282,74
1552598243.505232,74
1552598243.617517,75
1552598243.729575,76
1552598243.841528,77
1552598243.951749,76
1552598244.063248,75
1552598244.174676,75
1552598244.284930,75
1552598244.397959,75
1552598244.510094,75
1552598244.620040,75
1552598244.732367,83
1552598244.843540,83
1552598244.954447,83
1552598245.065487,83
1552598245.177498,83
1552598245.288352,82
1552598245.397603,82
1552598245.507657,82
1552598245.619239,81
1552598245.734903,79
1552598245.845351,76
1552598245.956370,75
1552598246.068735,75
1552598246.181227,75
1552598246.291816,76
1552598246.402489,77
1552598246.513998,77
1552598246.625691,77
1552598246.736350,77
1552598246.846685,77
1552598246.960286,75
1552598247.073228,75
1552598247.184284,75
1552598247.294550,76
1552598247.406502,77
1552598247.516341,76
1552598247.627143,76
1552598247.740039,76
1552598247.852026,76
1552598247.963211,75
1552598248.072970,76
1552598248.184512,76
1552598248.295784,75
1552598248.406114,75
1552598248.515997,75
1552598248.627262,75
1552598248.739215,76
1552598248.850815,77
1552598248.962490,77
1552598249.073058,77
1552598249.185352,77
1552598249.295909,77
1552598249.407109,77
1552598249.518236,77
1552598249.629562,77
1552598249.739912,76
1552598249.851976,77
1552598249.962693,76
1552598250.073592,84
1552598250.184403,83
1552598250.296647,84
1552598250.407509,84
1552598250.519363,84
1552598250.631440,84
1552598250.742974,84
1552598250.855598,83
1552598250.968149,82
1552598251.078866,81
1552598251.189674,78
1552598251.300896,78
1552598251.411216,79
1552598251.522849,79
1552598251.635277,79
1552598251.745511,77
1552598251.856652,77
1552598251.967682,78
1552598252.077933,78
1552598252.189179,79
1552598252.300001,77
1552598252.411773,77
1552598252.522830,77
1552598252.634263,76
1552598252.746607,76
1552598252.857128,77
1552598252.967936,77
1552598253.079049,77
1552598253.189987,77
1552598253.300587,77
1552598253.411413,77
1552598253.523751,78
1552598253.634960,77
1552598253.746061,77
1552598253.856637,76
1552598253.967605,76
1552598254.077499,76
1552598254.187224,78
1552598254.299681,79
1552598254.409633,78
1552598254.520254,78
1552598254.630381,78
1552598254.739815,78
1552598254.852376,78
1552598254.968869,77
1552598255.087648,77
1552598255.200017,80
1552598255.311570,79
1552598255.424426,81
1552598255.537165,81
1552598255.648354,82
1552598255.761039,83
1552598255.872019,82
1552598255.981469,81
1552598256.096282,81
1552598256.212863,82
1552598256.327062,80
1552598256.438126,78
1552598256.550225,79
1552598256.660586,79
1552598256.771872,79
1552598256.882226,79
1552598256.995038,80
1552598257.107163,78
1552598257.217561,79
1552598257.329446,79
1552598257.441363,79
1552598257.552081,79
1552598257.664923,80
1552598257.775272,80
1552598257.885922,80
1552598257.998403,80
1552598258.110975,80
1552598258.221163,81
1552598258.331875,80
1552598258.444667,80
1552598258.557541,81
1552598258.669589,81
1552598258.787963,80
1552598258.898090,81
1552598259.010728,81
1552598259.120788,80
1552598259.230479,81
1552598259.341160,81
1552598259.451980,80
1552598259.562624,81
1552598259.673055,80
1552598259.783688,80
1552598259.894420,80
1552598260.004027,78
1552598260.115303,79
1552598260.227109,79
1552598260.336971,80
1552598260.450238,80
1552598260.560011,80
1552598260.670482,80
1552598260.781639,80
1552598260.892504,80
1552598261.013964,81
1552598261.127668,80
1552598261.237258,78
1552598261.346263,78
1552598261.455778,80
1552598261.565384,79
1552598261.676496,79
1552598261.787965,79
1552598261.899280,79
1552598262.010023,79
1552598262.121130,79
1552598262.232754,80
1552598262.342195,79
1552598262.455132,79
1552598262.569041,79
1552598262.679237,79
1552598262.790983,79
1552598262.901871,79
1552598263.013385,80
1552598263.123991,80
1552598263.234588,80
1552598263.346704,80
1552598263.456877,80
1552598263.568016,81
1552598263.679100,82
1552598263.790343,80
1552598263.901616,80
1552598264.012853,80
1552598264.124073,81
1552598264.235667,87
1552598264.345918,88
1552598264.456373,88
1552598264.570986,88
1552598264.688280,87
1552598264.800511,87
1552598264.911654,87
1552598265.022671,87
1552598265.134293,87
1552598265.244906,87
1552598265.356608,85
1552598265.467169,81
1552598265.587086,83
1552598265.701505,83
1552598265.812077,82
1552598265.923360,82
1552598266.034072,82
1552598266.145931,81
1552598266.259777,81
1552598266.370661,81
1552598266.481311,82
1552598266.592478,82
1552598266.702143,81
1552598266.815173,80
1552598266.927536,80
1552598267.038263,80
1552598267.149675,80
1552598267.261206,81
1552598267.373862,81
1552598267.485017,80
1552598267.596832,81
1552598267.707655,81
1552598267.817845,80
1552598267.929364,80
1552598268.040334,81
1552598268.152444,81
1552598268.263811,80
1552598268.374165,80
1552598268.486160,81
1552598268.597399,81
1552598268.712375,82
1552598268.825143,82
1552598268.938372,81
1552598269.050899,81
1552598269.162710,82
1552598269.274942,82
1552598269.386729,81
1552598269.498044,83
1552598269.608988,81
1552598269.719630,89
1552598269.831171,89
1552598269.943804,88
1552598270.056288,89
1552598270.166150,90
1552598270.277416,89
1552598270.389841,89
1552598270.501500,89
1552598270.612962,88
1552598270.723752,88
1552598270.833857,85
1552598270.944583,84
1552598271.059294,83
1552598271.171022,83
1552598271.281620,84
1552598271.393864,84
1552598271.505228,84
1552598271.615742,83
1552598271.735631,84
1552598271.845929,83
1552598271.954960,83
1552598272.066380,82
1552598272.178811,81
1552598272.291638,83
1552598272.402694,82
1552598272.514603,81
1552598272.624432,81
1552598272.734845,81
1552598272.845985,81
1552598272.957065,81
1552598273.067794,81
1552598273.178483,82
1552598273.293685,83
1552598273.406723,82
1552598273.520841,82
1552598273.630638,81
1552598273.742402,81
1552598273.863531,82
1552598273.973967,82
1552598274.086080,82
1552598274.199774,83
1552598274.311186,83
1552598274.424676,82
1552598274.538660,82
1552598274.649187,82
1552598274.758467,82
1552598274.870099,83
1552598274.980745,86
1552598275.091514,84
1552598275.201500,86
1552598275.313519,86
1552598275.425052,87
1552598275.536534,87
1552598275.648565,88
1552598275.758337,86
1552598275.869732,86
1552598275.982068,86
1552598276.092962,84
1552598276.204952,84
1552598276.316016,83
1552598276.427367,83
1552598276.539591,83
1552598276.649711,83
1552598276.760399,84
1552598276.871091,84
1552598276.981613,84
1552598277.093279,84
1552598277.202892,83
1552598277.314117,83
1552598277.424381,83
1552598277.534888,83
1552598277.645926,85
1552598277.757760,84
1552598277.869998,84
1552598277.980717,84
1552598278.091576,84
1552598278.201891,85
1552598278.313312,86
1552598278.425025,86
1552598278.537908,86
1552598278.647874,85
1552598278.758072,84
1552598278.869646,85
1552598278.980667,84
1552598279.090271,86
1552598279.200392,84
1552598279.313536,85
1552598279.423767,85
1552598279.534648,85
1552598279.644535,85
1552598279.758179,86
1552598279.870233,85
1552598279.981079,86
1552598280.092296,84
1552598280.202727,85
1552598280.313433,85
1552598280.424318,85
1552598280.537539,85
1552598280.650930,85
1552598280.761195,85
1552598280.871279,86
1552598280.981360,85
1552598281.093009,84
1552598281.209845,85
1552598281.322761,85
1552598281.434404,84
1552598281.545419,84
1552598281.657351,84
1552598281.770174,84
1552598281.881844,84
1552598281.992072,85
1552598282.103035,84
1552598282.213851,83
1552598282.324805,83
1552598282.435166,84
1552598282.545066,84
1552598282.656171,85
1552598282.766367,85
1552598282.877818,84
1552598282.987920,84
1552598283.100195,84
1552598283.212517,84
1552598283.325130,84
1552598283.436629,86
1552598283.546899,85
1552598283.661767,86
1552598283.776363,86
1552598283.888791,86
1552598283.998989,85
1552598284.112324,87
1552598284.225729,86
1552598284.341781,85
1552598284.453185,88
1552598284.563432,88
1552598284.673973,88
1552598284.785322,88
1552598284.896668,89
1552598285.007189,89
1552598285.117946,89
1552598285.230055,88
1552598285.340951,86
1552598285.451331,87
1552598285.562219,85
1552598285.673180,86
1552598285.783986,86
1552598285.895520,86
1552598286.005447,86
1552598286.115678,87
1552598286.227618,87
1552598286.338291,86
1552598286.451288,86
1552598286.563187,85
1552598286.673979,86
1552598286.785050,86
1552598286.896776,87
1552598287.008600,88
1552598287.120734,88
1552598287.231843,87
1552598287.343507,87
1552598287.453795,87
1552598287.565451,87
1552598287.676326,86
1552598287.788556,88
1552598287.898870,88
1552598288.009743,87
1552598288.120944,87
1552598288.231365,87
1552598288.343526,87
1552598288.455282,87
1552598288.566081,88
1552598288.677580,87
1552598288.788269,87
1552598288.903560,88
1552598289.016087,87
1552598289.125314,87
1552598289.236725,87
1552598289.347445,87
1552598289.457341,86
1552598289.569973,86
1552598289.682212,86
1552598289.793758,87
1552598289.905280,87
1552598290.015917,86
1552598290.125794,87
1552598290.236391,87
1552598290.351385,87
1552598290.463659,87
1552598290.574765,87
1552598290.686493,87
1552598290.798401,86
1552598290.907894,85
1552598291.018407,86
1552598291.129599,86
1552598291.241224,86
1552598291.353348,87
1552598291.464378,86
1552598291.575675,86
1552598291.687289,86
1552598291.797924,86
1552598291.908753,86
1552598292.019721,86
1552598292.129060,86
1552598292.240560,86
1552598292.351347,86
1552598292.462142,87
1552598292.574044,87
1552598292.684110,87
1552598292.793623,87
1552598292.906374,87
1552598293.018009,87
1552598293.128614,87
1552598293.239446,87
1552598293.349998,88
1552598293.460811,90
1552598293.572215,89
1552598293.685141,88
1552598293.795962,90
1552598293.907072,90
1552598294.017900,90
1552598294.127587,90
1552598294.239375,91
1552598294.353160,90
1552598294.465627,90
1552598294.576034,90
1552598294.688495,88
1552598294.799975,88
1552598294.909651,89
1552598295.022632,88
1552598295.135772,87
1552598295.247727,89
1552598295.360465,88
1552598295.471023,88
1552598295.582901,88
1552598295.694889,88
1552598295.805616,88
1552598295.915733,88
1552598296.027161,88
1552598296.137484,88
1552598296.247289,89
1552598296.357373,90
1552598296.468041,90
1552598296.579887,90
1552598296.690161,89
1552598296.803256,89
1552598296.913904,89
1552598297.025942,89
1552598297.138284,89
1552598297.248700,89
1552598297.359680,90
1552598297.471303,90
1552598297.581425,90
1552598297.691687,90
1552598297.802206,90
1552598297.913842,90
1552598298.026170,91
1552598298.137809,89
1552598298.249230,89
1552598298.360256,89
1552598298.469527,89
1552598298.580159,89
1552598298.690711,90
1552598298.801463,89
1552598298.912590,89
1552598299.029732,88
1552598299.142592,88
1552598299.253355,89
1552598299.364324,89
1552598299.475266,88
1552598299.586121,88
1552598299.698560,88
1552598299.810889,88
1552598299.920041,89
1552598300.031658,90
1552598300.140932,88
1552598300.251821,87
1552598300.360609,87
1552598300.472514,88
1552598300.582514,89
1552598300.701040,88
1552598300.819169,88
1552598300.935293,88
1552598301.046544,89
1552598301.157269,88
1552598301.268539,88
1552598301.379323,89
1552598301.491754,89
1552598301.602519,88
1552598301.712516,88
1552598301.836530,88
1552598301.946602,89
1552598302.057359,90
1552598302.168745,90
1552598302.280568,89
1552598302.391247,89
1552598302.502483,90
1552598302.612457,89
1552598302.724568,89
1552598302.835806,89
1552598302.948858,90
1552598303.060612,90
1552598303.172100,89
1552598303.282067,97
1552598303.394219,96
1552598303.505811,98
1552598303.617761,96
1552598303.729233,96
1552598303.840859,96
1552598303.951954,96
1552598304.062355,97
1552598304.172544,95
1552598304.283578,95
1552598304.392715,95
1552598304.503923,94
1552598304.613327,90
1552598304.723315,90
1552598304.834612,90
1552598304.944633,91
1552598305.056186,90
1552598305.167682,90
1552598305.280236,90
1552598305.392137,89
1552598305.504441,90
1552598305.615220,90
1552598305.727107,91
1552598305.838101,91
1552598305.948761,89
1552598306.057933,89
1552598306.168058,89
1552598306.280070,89
1552598306.390478,90
1552598306.501836,89
1552598306.613381,89
1552598306.725242,89
1552598306.835716,90
1552598306.946200,90
1552598307.059724,90
1552598307.171173,89
1552598307.281896,89
1552598307.394062,89
1552598307.504461,89
1552598307.615557,90
1552598307.726836,90
1552598307.837314,90
1552598307.947145,91
1552598308.057645,90
1552598308.168922,90
1552598308.279360,91
1552598308.388379,91
1552598308.497809,91
1552598308.609804,92
1552598308.720898,91
1552598308.831905,91
1552598308.943697,97
1552598309.054967,97
1552598309.165830,97
1552598309.275919,97
1552598309.386878,97
1552598309.497121,97
1552598309.608197,98
1552598309.719245,98
1552598309.830405,99
1552598309.941486,97
1552598310.053355,96
1552598310.164468,96
1552598310.275201,93
1552598310.385125,91
1552598310.496745,91
1552598310.607227,91
1552598310.718068,92
1552598310.828702,90
1552598310.940212,91
1552598311.051131,91
1552598311.163709,92
1552598311.274063,92
1552598311.386018,92
1552598311.497997,93
1552598311.608455,91
1552598311.719445,90
1552598311.830122,90
1552598311.941106,91
1552598312.051737,91
1552598312.162119,91
1552598312.273707,91
1552598312.385954,91
1552598312.498581,91
1552598312.609664,91
1552598312.721594,90
1552598312.832847,90
1552598312.945357,91
1552598313.056947,92
1552598313.166974,91
1552598313.289835,91
1552598313.400504,92
1552598313.511520,93
1552598313.623819,92
1552598313.734008,91
1552598313.845780,91
1552598313.956679,91
1552598314.067208,92
1552598314.177471,93
1552598314.289896,92
1552598314.402250,94
1552598314.512597,93
1552598314.621398,93
1552598314.733905,98
1552598314.844673,98
1552598314.956670,99
1552598315.067942,98
1552598315.178500,99
1552598315.289351,99
1552598315.400313,99
1552598315.512148,99
1552598315.622721,98
1552598315.734065,98
1552598315.845375,98
1552598315.956418,97
1552598316.067619,93
1552598316.178301,92
1552598316.288689,93
1552598316.400141,93
1552598316.512558,93
1552598316.625028,93
1552598316.735175,94
1552598316.845248,93
1552598316.958170,93
1552598317.069776,93
1552598317.181289,93
1552598317.292494,94
1552598317.405308,92
1552598317.517057,92
1552598317.628968,92
1552598317.738624,92
1552598317.853088,92
1552598317.965647,92
1552598318.077358,92
1552598318.186740,91
1552598318.298552,91
1552598318.409996,93
1552598318.519775,92
1552598318.639587,92
1552598318.758750,92
1552598318.875178,92
1552598318.988296,92
1552598319.102944,91
1552598319.217732,93
1552598319.330843,94
1552598319.442821,93
1552598319.554039,93
1552598319.665780,93
1552598319.775779,93
1552598319.886673,94
1552598319.999457,94
1552598320.110615,92
1552598320.220783,94
1552598320.330604,94
1552598320.442472,93
1552598320.553335,99
1552598320.663981,100
1552598320.774328,99
1552598320.885526,99
1552598320.996909,99
1552598321.108221,98
1552598321.219972,99
1552598321.330959,99
1552598321.441863,98
1552598321.551811,98
1552598321.663443,98
1552598321.774287,97
1552598321.884829,93
1552598321.995294,93
1552598322.106310,93
1552598322.217427,93
1552598322.327382,93
1552598322.439764,93
1552598322.551905,93
1552598322.662971,94
1552598322.772702,94
1552598322.883489,93
1552598322.995069,94
1552598323.105522,93
1552598323.224271,93
1552598323.338959,93
1552598323.449727,94
1552598323.566194,93
1552598323.681708,93
1552598323.792895,94
1552598323.907234,94
1552598324.022330,93
1552598324.140303,93
1552598324.257637,93
1552598324.373469,93
1552598324.486886,93
1552598324.598896,93
1552598324.717999,95
1552598324.833561,94
1552598324.946232,94
1552598325.059348,94
1552598325.174113,94
1552598325.291739,94
1552598325.403764,94
1552598325.515360,94
1552598325.625960,95
1552598325.736537,94
1552598325.846323,94
1552598325.957026,93
1552598326.069657,94
1552598326.182985,94
1552598326.294459,95
1552598326.406498,95
1552598326.516607,95
1552598326.627026,94
1552598326.737458,94
1552598326.847708,94
1552598326.957962,95
1552598327.068664,95
1552598327.180243,94
1552598327.291075,94
1552598327.402367,93
1552598327.514155,94
1552598327.630884,94
1552598327.746520,94
1552598327.864625,94
1552598327.979003,94
1552598328.097157,94
1552598328.210651,94
1552598328.323789,94
1552598328.435528,95
1552598328.546927,95
1552598328.657215,94
1552598328.766859,94
1552598328.879182,94
1552598328.990349,94
1552598329.102981,96
1552598329.214205,97
1552598329.326170,95
1552598329.436881,95
1552598329.548685,95
1552598329.660211,95
1552598329.771188,95
1552598329.882150,96
1552598329.994380,96
1552598330.105554,97
1552598330.214749,97
1552598330.326067,97
1552598330.436881,98
1552598330.547454,99
1552598330.659288,99
1552598330.770343,98
1552598330.881538,98
1552598330.992138,98
1552598331.102974,98
1552598331.213814,98
1552598331.326899,100
1552598331.438123,98
1552598331.548376,97
1552598331.659765,97
1552598331.770635,95
1552598331.880599,93
1552598331.990540,93
1552598332.101935,93
1552598332.213983,93
1552598332.324837,93
1552598332.434575,94
1552598332.545355,93
1552598332.655986,94
1552598332.766650,94
1552598332.877406,93
1552598332.988556,93
1552598333.101357,93
1552598333.213254,89
1552598333.324082,82
1552598333.434322,74
1552598333.549324,66
1552598333.661273,59
1552598333.773517,51
1552598333.884871,45
1552598333.995888,47
1552598334.107789,46
1552598334.219398,46
1552598334.330525,45
1552598334.442918,46
1552598334.555557,45
1552598334.670127,46
1552598334.780996,46
1552598334.891550,47
1552598335.003155,47
1552598335.115838,46
1552598335.227313,48
1552598335.338775,45
1552598335.450058,47
1552598335.560160,47
1552598335.669881,47
1552598335.780562,48
1552598335.891038,48
1552598336.001342,47
1552598336.111867,47
1552598336.223291,47
1552598336.334629,48
1552598336.446061,49
1552598336.557733,49
1552598336.670139,48
1552598336.781310,48
1552598336.890923,49
1552598337.002931,49
1552598337.114630,47
1552598337.225826,47
1552598337.337558,47
1552598337.449288,46
1552598337.559176,46
1552598337.670688,47
1552598337.779631,46
1552598337.896655,47
1552598338.010013,48
1552598338.121730,48
1552598338.236698,48
1552598338.347468,47
1552598338.459312,47
1552598338.569792,46
1552598338.680102,46
1552598338.790364,47
1552598338.901408,47
1552598339.010979,47
1552598339.121737,47
1552598339.232310,47
1552598339.343801,47
1552598339.455363,48
1552598339.565243,47
1552598339.677646,48
1552598339.790037,49
1552598339.900487,49
1552598340.011906,49
1552598340.122740,49
1552598340.233921,50
1552598340.344547,49
1552598340.456765,48
1552598340.568058,54
1552598340.679957,54
1552598340.791016,55
1552598340.901193,55
1552598341.012623,55
1552598341.124323,55
1552598341.235459,53
1552598341.346288,49
1552598341.457175,49
1552598341.567931,49
1552598341.679631,49
1552598341.790341,49
1552598341.901716,50
1552598342.012379,50
1552598342.121699,49
1552598342.231679,50
1552598342.343037,49
1552598342.454822,49
1552598342.564822,49
1552598342.676504,49
1552598342.786015,49
1552598342.897469,48
1552598343.009083,48
1552598343.119226,50
1552598343.230472,49
1552598343.341354,49
1552598343.451756,49
1552598343.562571,49
1552598343.673187,49
1552598343.787104,49
1552598343.898565,50
1552598344.008987,49
1552598344.116925,48
1552598344.228104,49
1552598344.339378,49
1552598344.449217,51
1552598344.561010,50
1552598344.671461,50
1552598344.782257,50
1552598344.893489,50
1552598345.007317,51
1552598345.117563,56
1552598345.229681,58
1552598345.340407,58
1552598345.452256,57
1552598345.563013,57
1552598345.673740,57
1552598345.785024,57
1552598345.896979,52
1552598346.007420,51
1552598346.117932,51
1552598346.229292,52
1552598346.339856,52
1552598346.451018,52
1552598346.562712,52
1552598346.673744,50
1552598346.785631,50
1552598346.895369,51
1552598347.005881,51
1552598347.116598,50
1552598347.228126,50
1552598347.338166,50
1552598347.448939,51
1552598347.560257,51
1552598347.672673,51
1552598347.783322,50
1552598347.894111,50
1552598348.005644,50
1552598348.116507,51
1552598348.226567,52
1552598348.336965,51
1552598348.448211,51
1552598348.558960,51
1552598348.670238,51
1552598348.781957,51
1552598348.895954,51
1552598349.007152,53
1552598349.117946,53
1552598349.232156,53
1552598349.342730,52
1552598349.453296,52
1552598349.564840,52
1552598349.676662,52
1552598349.788220,58
1552598349.898859,60
1552598350.009532,59
1552598350.121930,58
1552598350.234046,58
1552598350.344952,58
1552598350.455456,58
1552598350.566694,52
1552598350.676492,52
1552598350.787286,53
1552598350.897651,53
1552598351.008529,53
1552598351.118202,53
1552598351.229323,53
1552598351.339991,52
1552598351.451358,53
1552598351.562176,52
1552598351.673494,52
1552598351.784547,52
1552598351.896459,52
1552598352.007704,53
1552598352.118974,53
1552598352.229874,54
1552598352.339134,53
1552598352.450941,52
1552598352.563068,52
1552598352.674999,52
1552598352.785414,53
1552598352.896853,53
1552598353.008013,52
1552598353.118265,52
1552598353.230511,53
1552598353.341818,53
1552598353.453193,53
1552598353.566715,52
1552598353.677846,54
1552598353.789682,54
1552598353.900013,54
1552598354.011687,53
1552598354.123336,53
1552598354.234997,53
1552598354.346679,53
1552598354.457903,60
1552598354.569646,61
1552598354.681323,62
1552598354.792277,60
1552598354.903727,60
1552598355.015528,60
1552598355.126164,60
1552598355.237243,57
1552598355.348223,55
1552598355.459489,55
1552598355.568821,55
1552598355.679978,56
1552598355.790139,55
1552598355.901575,55
1552598356.012087,55
1552598356.122928,54
1552598356.233769,54
1552598356.345504,53
1552598356.455879,53
1552598356.565755,53
1552598356.678454,53
1552598356.789578,53
1552598356.899739,55
1552598357.010808,55
1552598357.122024,54
1552598357.233319,54
1552598357.343119,54
1552598357.453623,54
1552598357.565182,54
1552598357.676314,53
1552598357.787925,53
1552598357.900611,53
1552598358.011797,55
1552598358.122550,55
1552598358.233185,56
1552598358.348455,56
1552598358.462359,55
1552598358.577061,55
1552598358.689707,55
1552598358.801567,55
1552598358.916208,56
1552598359.029243,56
1552598359.142244,55
1552598359.251715,62
1552598359.361296,62
1552598359.472630,62
1552598359.584738,62
1552598359.695571,61
1552598359.806628,62
1552598359.918233,61
1552598360.029193,58
1552598360.140815,57
1552598360.251449,58
1552598360.361410,56
1552598360.471195,56
1552598360.583242,56
1552598360.693294,57
1552598360.805720,57
1552598360.915928,54
1552598361.027681,54
1552598361.140278,55
1552598361.250953,55
1552598361.361564,56
1552598361.472579,56
1552598361.583077,57
1552598361.694276,56
1552598361.804870,56
1552598361.915462,55
1552598362.026252,55
1552598362.136973,57
1552598362.247961,56
1552598362.359524,56
1552598362.470652,56
1552598362.581400,56
1552598362.692705,56
1552598362.802116,56
1552598362.913905,57
1552598363.022022,56
1552598363.132293,57
1552598363.242206,58
1552598363.354704,57
1552598363.465807,58
1552598363.580702,58
1552598363.690945,57
1552598363.808794,58
1552598363.926292,63
1552598364.037264,64
1552598364.156950,62
1552598364.269706,63
1552598364.381070,63
1552598364.491962,64
1552598364.602935,63
1552598364.714413,63
1552598364.825116,58
1552598364.937911,59
1552598365.048397,58
1552598365.158591,58
1552598365.270899,58
1552598365.382880,58
1552598365.494794,59
1552598365.604945,60
1552598365.715699,57
1552598365.833731,58
1552598365.953646,57
1552598366.076460,58
1552598366.191019,58
1552598366.306216,57
1552598366.422302,57
1552598366.535112,57
1552598366.647389,57
1552598366.758074,58
1552598366.870404,58
1552598366.981912,57
1552598367.093565,57
1552598367.205568,57
1552598367.317053,57
1552598367.438220,57
1552598367.551172,57
1552598367.662646,57
1552598367.774079,57
1552598367.886494,58
1552598367.996958,58
1552598368.108586,58
1552598368.219618,60
1552598368.330064,60
1552598368.442928,59
1552598368.557147,59
1552598368.669124,58
1552598368.780955,65
1552598368.892644,65
1552598369.003229,65
1552598369.113827,66
1552598369.224620,65
1552598369.335911,66
1552598369.447997,65
1552598369.558486,63
1552598369.669781,59
1552598369.781960,60
1552598369.892729,60
1552598370.003814,59
1552598370.113790,61
1552598370.225789,60
1552598370.337282,61
1552598370.448008,60
1552598370.561054,58
1552598370.672647,58
1552598370.784544,58
1552598370.893901,59
1552598371.006021,59
1552598371.118963,59
1552598371.236548,58
1552598371.348936,59
1552598371.459276,59
1552598371.570809,58
1552598371.681007,58
1552598371.795007,58
1552598371.907964,58
1552598372.018803,59
1552598372.129407,59
1552598372.239817,60
1552598372.350674,60
1552598372.461876,60
1552598372.573366,60
1552598372.684754,59
1552598372.795049,61
1552598372.906997,60
1552598373.017074,60
1552598373.127304,60
1552598373.238692,60
1552598373.348884,60
1552598373.459114,60
1552598373.571820,60
1552598373.683429,68
1552598373.795042,67
1552598373.905595,67
1552598374.017070,66
1552598374.128083,66
1552598374.238016,67
1552598374.351149,66
1552598374.464214,65
1552598374.577352,60
1552598374.688247,60
1552598374.798372,61
1552598374.908450,61
1552598375.020048,61
1552598375.130852,61
1552598375.240855,61
1552598375.351888,61
1552598375.462832,60
1552598375.573504,59
1552598375.684845,60
1552598375.795506,60
1552598375.908328,60
1552598376.019369,60
1552598376.131316,62
1552598376.241759,62
1552598376.351257,60
1552598376.462711,61
1552598376.574033,60
1552598376.685447,60
1552598376.796804,60
1552598376.907245,60
1552598377.018562,60
1552598377.129073,60
1552598377.240340,60
1552598377.350382,61
1552598377.461033,61
1552598377.572019,63
1552598377.682754,62
1552598377.795232,62
1552598377.906407,61
1552598378.018311,61
1552598378.129489,62
1552598378.239454,61
1552598378.349883,61
1552598378.466377,61
1552598378.578519,68
1552598378.690535,67
1552598378.802998,67
1552598378.913297,67
1552598379.023939,68
1552598379.134486,69
1552598379.245323,69
1552598379.356329,68
1552598379.466518,63
1552598379.577592,63
1552598379.690077,63
1552598379.800815,63
1552598379.912377,63
1552598380.024810,63
1552598380.136061,63
1552598380.247659,64
1552598380.358460,62
1552598380.470918,62
1552598380.582406,62
1552598380.693832,62
1552598380.804807,61
1552598380.913708,61
1552598381.024705,62
1552598381.135720,61
1552598381.247017,62
1552598381.359166,62
1552598381.471430,62
1552598381.583720,62
1552598381.693627,62
1552598381.804480,63
1552598381.915905,62
1552598382.025652,61
1552598382.137592,61
1552598382.248962,61
1552598382.360402,62
1552598382.471186,63
1552598382.582882,64
1552598382.694238,63
1552598382.804302,63
1552598382.916876,63
1552598383.027607,62
1552598383.137223,64
1552598383.249521,63
1552598383.361535,63
1552598383.472276,70
1552598383.583923,70
1552598383.694444,70
1552598383.805965,70
1552598383.916818,70
1552598384.027443,70
1552598384.136745,70
1552598384.248535,70
1552598384.360818,68
1552598384.471801,64
1552598384.583707,64
1552598384.694799,64
1552598384.804691,65
1552598384.914426,66
1552598385.025102,64
1552598385.136010,64
1552598385.246643,64
1552598385.356546,63
1552598385.467387,64
1552598385.578578,63
1552598385.689985,62
1552598385.799032,62
1552598385.909800,63
1552598386.020362,64
1552598386.132853,64
1552598386.243575,63
1552598386.354522,63
1552598386.466078,63
1552598386.577523,63
1552598386.688122,62
1552598386.799630,64
1552598386.911507,63
1552598387.022643,64
1552598387.133575,64
1552598387.244863,64
1552598387.353933,64
1552598387.464500,65
1552598387.575339,65
1552598387.685724,65
1552598387.796714,65
1552598387.906735,65
1552598388.017084,66
1552598388.127531,65
1552598388.238081,65
1552598388.349707,65
1552598388.462451,71
1552598388.572748,71
1552598388.683843,71
1552598388.795212,72
1552598388.905666,71
1552598389.015731,71
1552598389.126680,70
1552598389.238116,71
1552598389.348256,72
1552598389.458055,65
1552598389.568718,67
1552598389.679597,66
1552598389.791990,66
1552598389.903850,65
1552598390.015412,65
1552598390.125461,65
1552598390.236980,65
1552598390.347034,65
1552598390.457878,63
1552598390.568338,64
1552598390.679572,64
1552598390.788988,64
1552598390.898694,65
1552598391.009170,65
1552598391.119917,65
1552598391.230525,65
1552598391.340783,66
1552598391.452337,66
1552598391.564350,66
1552598391.675770,65
1552598391.786516,65
1552598391.898179,65
1552598392.008700,65
1552598392.119635,65
1552598392.230514,66
1552598392.342459,65
1552598392.459424,66
1552598392.571681,67
1552598392.683561,68
1552598392.801462,68
1552598392.912980,67
1552598393.026906,66
1552598393.141139,67
1552598393.255278,67
1552598393.367104,67
1552598393.484600,72
1552598393.598971,72
1552598393.709639,74
1552598393.821108,72
1552598393.931682,72
1552598394.042006,72
1552598394.155104,72
1552598394.266201,72
1552598394.378365,72
1552598394.490008,67
1552598394.600287,66
1552598394.712853,67
1552598394.824372,67
1552598394.936143,68
1552598395.047039,68
1552598395.159396,68
1552598395.271699,68
1552598395.388826,67
1552598395.505256,67
1552598395.620394,66
1552598395.732996,68
1552598395.845278,67
1552598395.958711,68
1552598396.072519,67
1552598396.185060,66
1552598396.295307,66
1552598396.406851,66
1552598396.517517,66
1552598396.629528,66
1552598396.742312,67
1552598396.855182,67
1552598396.966377,68
1552598397.077157,66
1552598397.188252,66
1552598397.298816,66
1552598397.410178,66
1552598397.521390,66
1552598397.631202,68
1552598397.748652,67
1552598397.876114,69
1552598397.987525,67
1552598398.098111,67
1552598398.208940,67
1552598398.318997,67
1552598398.428833,68
1552598398.539351,67
1552598398.649328,73
1552598398.761043,73
1552598398.877308,74
1552598398.991139,75
1552598399.104883,74
1552598399.218476,74
1552598399.329962,74
1552598399.447567,74
1552598399.561105,69
1552598399.677490,68
1552598399.793211,69
1552598399.909934,69
1552598400.028536,70
1552598400.147289,69
1552598400.259384,69
1552598400.370910,70
1552598400.480663,69
1552598400.590530,67
1552598400.706135,68
1552598400.821339,68
1552598400.933478,68
1552598401.049642,68
1552598401.165936,68
1552598401.278187,68
1552598401.390524,67
1552598401.502744,67
1552598401.613332,68
1552598401.726463,68
1552598401.839314,68
1552598401.949166,68
1552598402.060847,69
1552598402.171178,67
1552598402.282796,67
1552598402.393602,67
1552598402.504354,67
1552598402.614297,67
1552598402.729234,69
1552598402.845141,69
1552598402.957553,69
1552598403.068469,69
1552598403.179387,70
1552598403.291942,70
1552598403.404943,70
1552598403.514958,69
1552598403.630547,70
1552598403.742414,76
1552598403.852830,77
1552598403.963376,77
1552598404.075657,77
1552598404.187527,77
1552598404.298414,77
1552598404.409883,76
1552598404.521595,76
1552598404.632314,73
1552598404.742961,70
1552598404.855074,70
1552598404.966025,70
1552598405.076757,69
1552598405.188841,69
1552598405.300206,70
1552598405.412404,71
1552598405.523400,70
1552598405.638408,71
1552598405.761899,69
1552598405.876854,68
1552598405.990134,68
1552598406.101237,68
1552598406.213016,69
1552598406.324146,69
1552598406.435826,70
1552598406.547609,70
1552598406.658620,69
1552598406.770450,69
1552598406.881780,68
1552598406.993256,68
1552598407.103885,69
1552598407.214579,68
1552598407.325599,70
1552598407.442410,71
1552598407.557372,71
1552598407.674777,70
1552598407.786340,70
1552598407.897948,71
1552598408.008898,71
1552598408.121499,71
1552598408.232672,71
1552598408.345506,71
1552598408.454414,71
1552598408.566020,71
1552598408.676930,72
1552598408.787734,72
1552598408.898495,78
1552598409.010203,77
1552598409.121516,77
1552598409.232691,77
1552598409.343546,78
1552598409.456394,78
1552598409.567323,78
1552598409.677481,78
1552598409.788153,77
1552598409.899728,72
1552598410.011899,71
1552598410.122588,71
1552598410.233279,71
1552598410.345740,72
1552598410.456655,72
1552598410.566153,72
1552598410.675284,72
1552598410.786098,71
1552598410.895272,71
1552598411.005466,70
1552598411.115392,70
1552598411.226514,70
1552598411.336236,70
1552598411.448403,69
1552598411.560084,71
1552598411.672078,70
1552598411.782688,71
1552598411.894648,71
1552598412.005539,71
1552598412.116851,71
1552598412.227331,72
1552598412.338422,72
1552598412.449412,71
1552598412.559047,71
1552598412.670005,70
1552598412.780066,70
1552598412.899612,71
1552598413.010794,72
1552598413.121433,72
1552598413.234009,73
1552598413.345253,73
1552598413.457229,72
1552598413.567332,72
1552598413.679024,72
1552598413.789222,71
1552598413.901872,73
1552598414.014776,72
1552598414.125393,80
1552598414.237294,79
1552598414.347805,79
1552598414.459412,79
1552598414.569150,79
1552598414.678368,80
1552598414.789942,79
1552598414.901705,80
1552598415.013046,78
1552598415.124789,74
1552598415.237157,73
1552598415.347390,73
1552598415.458967,72
1552598415.571346,72
1552598415.681891,72
1552598415.793083,72
1552598415.904748,74
1552598416.016373,74
1552598416.126986,73
1552598416.237068,71
1552598416.349056,72
1552598416.458476,73
1552598416.570171,72
1552598416.680955,72
1552598416.791456,72
1552598416.902237,72
1552598417.013098,72
1552598417.124009,73
1552598417.235525,72
1552598417.347291,72
1552598417.457092,73
1552598417.568206,72
1552598417.678379,72
1552598417.790816,72
1552598417.901370,73
1552598418.011793,72
1552598418.122086,72
1552598418.231997,73
1552598418.341768,74
1552598418.452784,74
1552598418.563533,73
1552598418.675020,73
1552598418.786228,73
1552598418.897088,73
1552598419.007721,74
1552598419.120562,73
1552598419.232745,74
1552598419.344252,80
1552598419.454903,80
1552598419.565057,80
1552598419.676949,80
1552598419.788851,80
1552598419.900500,80
1552598420.010206,80
1552598420.121668,80
1552598420.231675,80
1552598420.340606,77
1552598420.450720,74
1552598420.563691,74
1552598420.673811,75
1552598420.784709,75
1552598420.895340,74
1552598421.008201,75
1552598421.119806,75
1552598421.231690,75
1552598421.343236,75
1552598421.454477,73
1552598421.565350,74
1552598421.675471,74
1552598421.788274,73
1552598421.899554,73
1552598422.011458,73
1552598422.123554,74
1552598422.234165,73
1552598422.344122,73
1552598422.455002,73
1552598422.565105,73
1552598422.675759,73
1552598422.787078,73
1552598422.899181,74
1552598423.010653,74
1552598423.122472,73
1552598423.232105,74
1552598423.355405,73
1552598423.467934,74
1552598423.581599,74
1552598423.691789,74
1552598423.802500,74
1552598423.912788,74
1552598424.023555,74
1552598424.134144,74
1552598424.245957,76
1552598424.356883,76
1552598424.467814,75
1552598424.578505,77
1552598424.689607,78
1552598424.801473,78
1552598424.911836,79
1552598425.024072,79
1552598425.135660,78
1552598425.247279,78
1552598425.359062,79
1552598425.469555,77
1552598425.581395,74
1552598425.693949,76
1552598425.804971,76
1552598425.915186,75
1552598426.025762,75
1552598426.136656,75
1552598426.247502,75
1552598426.357788,76
1552598426.469502,76
1552598426.580404,75
1552598426.691099,76
1552598426.803473,77
1552598426.915269,77
1552598427.026548,77
1552598427.137540,76
1552598427.249444,77
1552598427.359388,76
1552598427.470488,76
1552598427.581711,76
1552598427.693541,76
1552598427.805452,77
1552598427.916786,76
1552598428.027738,77
1552598428.139777,77
1552598428.249911,77
1552598428.360728,77
1552598428.471433,77
1552598428.582047,78
1552598428.695068,76
1552598428.806096,76
1552598428.915637,76
1552598429.027601,76
1552598429.142756,75
1552598429.253833,76
1552598429.365294,76
1552598429.475121,76
1552598429.586000,77
1552598429.696688,77
1552598429.807781,77
1552598429.918731,78
1552598430.029671,77
1552598430.140977,75
1552598430.251677,75
1552598430.362951,75
1552598430.476131,75
1552598430.587448,75
1552598430.697710,76
1552598430.807424,75
1552598430.919762,75
1552598431.031120,75
1552598431.141916,76
1552598431.253841,76
1552598431.364207,77
1552598431.474406,76
1552598431.584476,75
1552598431.695817,75
1552598431.806902,75
1552598431.917756,75
1552598432.028346,77
1552598432.139425,76
1552598432.250187,76
1552598432.361288,76
1552598432.472486,76
1552598432.583008,77
1552598432.694294,78
1552598432.804857,77
1552598432.915516,77
1552598433.027051,78
1552598433.136318,79
1552598433.248513,85
1552598433.359787,84
1552598433.469890,83
1552598433.579774,83
1552598433.688388,83
1552598433.797271,84
1552598433.907072,84
1552598434.015868,84
1552598434.126182,84
1552598434.237227,81
1552598434.349466,77
1552598434.460386,79
1552598434.571076,79
1552598434.681089,78
1552598434.792064,78
1552598434.903709,78
1552598435.013785,78
1552598435.125590,78
1552598435.237807,79
1552598435.349473,78
1552598435.462051,76
1552598435.572829,77
1552598435.682758,77
1552598435.794322,78
1552598435.906421,78
1552598436.016612,77
1552598436.128549,78
1552598436.239405,77
1552598436.350647,76
1552598436.461687,76
1552598436.572802,77
1552598436.685914,77
1552598436.796953,77
1552598436.908529,77
1552598437.019540,77
1552598437.130073,77
1552598437.240816,77
1552598437.351971,77
1552598437.464772,77
1552598437.575336,77
1552598437.688000,79
1552598437.800152,78
1552598437.919372,78
1552598438.030246,78
1552598438.141808,78
1552598438.252369,78
1552598438.364433,80
1552598438.475543,79
1552598438.587345,81
1552598438.700019,82
1552598438.811420,83
1552598438.921668,83
1552598439.033256,82
1552598439.148526,82
1552598439.259281,82
1552598439.369501,81
1552598439.481615,80
1552598439.593274,78
1552598439.704159,80
1552598439.815338,79
1552598439.925724,79
1552598440.037520,79
1552598440.148965,79
1552598440.259921,80
1552598440.371553,79
1552598440.482976,80
1552598440.593380,79
1552598440.705157,78
1552598440.816374,79
1552598440.927927,80
1552598441.038736,80
1552598441.149084,81
1552598441.259841,80
1552598441.371011,80
1552598441.481388,80
1552598441.593628,80
1552598441.704769,80
1552598441.815540,82
1552598441.927070,81
1552598442.037485,81
1552598442.148566,80
1552598442.259133,80
1552598442.369769,80
1552598442.480824,80
1552598442.591775,80
1552598442.702091,80
1552598442.812679,80
1552598442.923379,80
1552598443.035766,81
1552598443.146844,80
1552598443.258199,80
1552598443.369593,80
1552598443.481573,80
1552598443.592314,80
1552598443.704594,80
1552598443.814699,80
1552598443.924818,80
1552598444.035848,79
1552598444.145968,81
1552598444.255670,80
1552598444.366649,79
1552598444.477244,79
1552598444.588888,79
1552598444.699907,79
1552598444.810153,79
1552598444.922477,79
1552598445.033808,79
1552598445.144339,79
1552598445.255288,79
1552598445.365030,80
1552598445.475558,80
1552598445.585406,79
1552598445.695998,79
1552598445.806219,79
1552598445.917508,79
1552598446.028071,80
1552598446.144566,79
1552598446.260814,80
1552598446.370450,80
1552598446.481737,80
1552598446.592685,80
1552598446.704175,80
1552598446.816693,80
1552598446.928473,80
1552598447.039263,80
1552598447.149656,81
1552598447.260784,81
1552598447.374310,82
1552598447.484563,87
1552598447.595638,87
1552598447.705418,88
1552598447.815839,89
1552598447.928381,89
1552598448.038227,88
1552598448.148821,88
1552598448.259765,88
1552598448.370477,87
1552598448.484824,87
1552598448.594955,84
1552598448.707823,82
1552598448.819345,82
1552598448.930518,82
1552598449.042029,83
1552598449.152016,82
1552598449.265629,81
1552598449.378519,81
1552598449.491637,81
1552598449.604056,82
1552598449.714518,82
1552598449.826624,80
1552598449.937441,80
1552598450.048385,81
1552598450.158255,80
1552598450.268215,80
1552598450.379709,80
1552598450.490105,81
1552598450.600677,80
1552598450.713434,81
1552598450.823758,81
1552598450.934559,80
1552598451.046240,80
1552598451.155586,80
1552598451.266356,80
1552598451.378492,81
1552598451.488732,80
