1552597841.300080,0
1552597841.412783,7
1552597841.523544,6
1552597841.634211,14
1552597841.744782,20
1552597841.855164,19
1552597841.966179,19
1552597842.077556,19
1552597842.190792,18
1552597842.303706,20
1552597842.415020,17
1552597842.525243,15
1552597842.638431,19
1552597842.749044,20
1552597842.860275,18
1552597842.972654,19
1552597843.085612,17
1552597843.196780,19
1552597843.307004,16
1552597843.416881,6
1552597843.528587,3
1552597843.640974,8
1552597843.752785,8
1552597843.864152,8
1552597843.974071,9
1552597844.084567,8
1552597844.194600,8
1552597844.304943,9
1552597844.415663,9
1552597844.527540,9
1552597844.637942,11
1552597844.748190,10
1552597844.860116,10
1552597844.970886,10
1552597845.082663,9
1552597845.194729,10
1552597845.327066,10
1552597845.443499,11
1552597845.554415,11
1552597845.666212,17
1552597845.775673,17
1552597845.887959,12
1552597845.998328,13
1552597846.109982,13
1552597846.220093,13
1552597846.331596,12
1552597846.442180,12
1552597846.553013,11
1552597846.664537,11
1552597846.775931,12
1552597846.886515,13
1552597846.997458,12
1552597847.107444,12
1552597847.218150,13
1552597847.328685,14
1552597847.439920,13
1552597847.550495,13
1552597847.662635,13
1552597847.773585,12
1552597847.884473,14
1552597847.996043,13
1552597848.107478,13
1552597848.219522,15
1552597848.330704,14
1552597848.441475,14
1552597848.553737,14
1552597848.664779,14
1552597848.776447,14
1552597848.887157,15
1552597848.997996,16
1552597849.109244,15
1552597849.219375,18
1552597849.332222,18
1552597849.442186,18
1552597849.553443,13
1552597849.665229,13
1552597849.776016,11
1552597849.886065,6
1552597849.996658,7
1552597850.108901,8
1552597850.218920,5
1552597850.329366,9
1552597850.439198,9
1552597850.550924,7
1552597850.661764,7
1552597850.773524,8
1552597850.884350,7
1552597850.995865,7
1552597851.105892,9
1552597851.216890,8
1552597851.327290,8
1552597851.437647,9
1552597851.549151,9
1552597851.659779,10
1552597851.770372,9
1552597851.880731,9
1552597851.991013,9
1552597852.102170,9
1552597852.211909,10
1552597852.323958,10
1552597852.434051,9
1552597852.544072,9
1552597852.655136,10
1552597852.765758,10
1552597852.876884,10
1552597852.987837,10
1552597853.099095,10
1552597853.209567,11
1552597853.320841,11
1552597853.431664,11
1552597853.543120,13
1552597853.657890,11
1552597853.768439,19
1552597853.879346,17
1552597853.989417,13
1552597854.099249,13
1552597854.210683,11
1552597854.322809,12
1552597854.433681,12
1552597854.546110,13
1552597854.658060,14
1552597854.768769,13
1552597854.880022,13
1552597854.989669,13
1552597855.100258,13
1552597855.212518,12
1552597855.324834,13
1552597855.435459,13
1552597855.545907,13
1552597855.657675,14
1552597855.768704,14
1552597855.880235,14
1552597855.990201,14
1552597856.103151,15
1552597856.213837,15
1552597856.323675,14
1552597856.434720,14
1552597856.545794,14
1552597856.656894,15
1552597856.768250,16
1552597856.879755,16
1552597856.989501,15
1552597857.100334,16
1552597857.212806,16
1552597857.323961,19
1552597857.435010,18
1552597857.546996,17
1552597857.657769,14
1552597857.768016,14
1552597857.879756,12
1552597857.990001,6
1552597858.101966,6
1552597858.212422,8
1552597858.323509,6
1552597858.434533,7
1552597858.544749,8
1552597858.654882,8
1552597858.765244,7
1552597858.874967,7
1552597858.985555,9
1552597859.096169,8
1552597859.206736,8
1552597859.318411,8
1552597859.426842,8
1552597859.539087,9
1552597859.650565,8
1552597859.760623,8
1552597859.872411,8
1552597859.984576,9
1552597860.096829,10
1552597860.208376,10
1552597860.319218,10
1552597860.431134,11
1552597860.542858,11
1552597860.656445,11
1552597860.769753,11
1552597860.881215,10
1552597860.994693,10
1552597861.107712,10
1552597861.219994,10
1552597861.331201,10
1552597861.445629,11
1552597861.558773,11
1552597861.671437,12
1552597861.783037,13
1552597861.897799,12
1552597862.010843,18
1552597862.121749,17
1552597862.237595,13
1552597862.354656,15
1552597862.464942,12
1552597862.575536,12
1552597862.688887,13
1552597862.800854,13
1552597862.914501,13
1552597863.028407,13
1552597863.143816,13
1552597863.254750,12
1552597863.365243,12
1552597863.475360,14
1552597863.584741,13
1552597863.696278,14
1552597863.806782,14
1552597863.917315,14
1552597864.027173,15
1552597864.141520,15
1552597864.256299,14
1552597864.366773,14
1552597864.477635,14
1552597864.588263,14
1552597864.698998,14
1552597864.810754,15
1552597864.922367,16
1552597865.033195,15
1552597865.144662,15
1552597865.254604,16
1552597865.367862,16
1552597865.487494,17
1552597865.598075,19
1552597865.712425,18
1552597865.822982,15
1552597865.934762,15
1552597866.046267,16
1552597866.156793,17
1552597866.267318,17
1552597866.378083,17
1552597866.487590,17
1552597866.600169,16
1552597866.711692,20
1552597866.822984,20
1552597866.933843,18
1552597867.044522,19
1552597867.154917,19
1552597867.265808,18
1552597867.376714,17
1552597867.486078,18
1552597867.596344,13
1552597867.707546,7
1552597867.818454,7
1552597867.928791,7
1552597868.039485,7
1552597868.150526,8
1552597868.262823,9
1552597868.375136,8
1552597868.487251,9
1552597868.601312,8
1552597868.715402,8
1552597868.827450,8
1552597868.941382,10
1552597869.055678,10
1552597869.169424,11
1552597869.280807,11
1552597869.393063,11
1552597869.505899,10
1552597869.618714,10
1552597869.729539,10
1552597869.839776,10
1552597869.950313,11
1552597870.062148,12
1552597870.173313,11
1552597870.285294,11
1552597870.395773,11
1552597870.505754,10
1552597870.618567,18
1552597870.731275,17
1552597870.843303,13
1552597870.958423,13
1552597871.071458,12
1552597871.183925,12
1552597871.296047,11
1552597871.409467,11
1552597871.521393,11
1552597871.631410,12
1552597871.742861,14
1552597871.856454,14
1552597871.971594,14
1552597872.085026,14
1552597872.197651,14
1552597872.310428,13
1552597872.424679,14
1552597872.538425,14
1552597872.649363,13
1552597872.761978,14
1552597872.875351,14
1552597872.990186,14
1552597873.102412,14
1552597873.212447,14
1552597873.323551,14
1552597873.434336,14
1552597873.546547,16
1552597873.657394,14
1552597873.769007,15
1552597873.879153,16
1552597873.990045,16
1552597874.100825,19
1552597874.211603,19
1552597874.322414,19
1552597874.432191,15
1552597874.543370,15
1552597874.658068,16
1552597874.771223,16
1552597874.883749,15
1552597874.998765,17
1552597875.109897,17
1552597875.220534,17
1552597875.329534,18
1552597875.440747,18
1552597875.551398,19
1552597875.666205,18
1552597875.780625,18
1552597875.894911,17
1552597876.011534,17
1552597876.122717,15
1552597876.235013,8
1552597876.348810,7
1552597876.461857,8
1552597876.573903,7
1552597876.683973,7
1552597876.794769,7
1552597876.905482,8
1552597877.014921,9
1552597877.127361,9
1552597877.238228,8
1552597877.350677,8
1552597877.462277,8
1552597877.572330,9
1552597877.683003,8
1552597877.794342,8
1552597877.904134,10
1552597878.015184,9
1552597878.126835,10
1552597878.238791,10
1552597878.349961,10
1552597878.465501,10
1552597878.579800,10
1552597878.690519,9
1552597878.802743,10
1552597878.914642,11
1552597879.025656,13
1552597879.136225,17
1552597879.247670,17
1552597879.358844,13
1552597879.469759,12
1552597879.581495,11
1552597879.692073,12
1552597879.803661,12
1552597879.912929,12
1552597880.024070,12
1552597880.134705,12
1552597880.244549,12
1552597880.355623,11
1552597880.467128,11
1552597880.577569,12
1552597880.687527,13
1552597880.797502,13
1552597880.907993,13
1552597881.018641,14
1552597881.130600,14
1552597881.241575,13
1552597881.352139,13
1552597881.462377,13
1552597881.575178,12
1552597881.686091,13
1552597881.796174,15
1552597881.907495,15
1552597882.017564,14
1552597882.129213,14
1552597882.240876,14
1552597882.355023,14
1552597882.470701,15
1552597882.584693,15
1552597882.697191,20
1552597882.810762,18
1552597882.922239,17
1552597883.035666,14
1552597883.147405,13
1552597883.262868,10
1552597883.376309,6
1552597883.490977,6
1552597883.603331,7
1552597883.715021,5
1552597883.828096,9
1552597883.941682,9
1552597884.054549,7
1552597884.167675,7
1552597884.278891,7
1552597884.392696,7
1552597884.506977,7
1552597884.620889,8
1552597884.735600,9
1552597884.851288,9
1552597884.963211,8
1552597885.074358,8
1552597885.184123,8
1552597885.296309,10
1552597885.407958,9
1552597885.517750,9
1552597885.629025,9
1552597885.739715,9
1552597885.851457,9
1552597885.963440,11
1552597886.075805,10
1552597886.187097,11
1552597886.298847,11
1552597886.409884,11
1552597886.521475,11
1552597886.632509,12
1552597886.743909,10
1552597886.854036,11
1552597886.965455,11
1552597887.077079,11
1552597887.187339,18
1552597887.297436,17
1552597887.407656,14
1552597887.518945,14
1552597887.629941,13
1552597887.741342,13
1552597887.852596,12
1552597887.963032,12
1552597888.074571,13
1552597888.186421,12
1552597888.297747,12
1552597888.408339,14
1552597888.518464,12
1552597888.630324,13
1552597888.740887,13
1552597888.852376,13
1552597888.962577,14
1552597889.074876,15
1552597889.186458,14
1552597889.297302,14
1552597889.407295,14
1552597889.516727,15
1552597889.627348,14
1552597889.738404,15
1552597889.850098,14
1552597889.960763,14
1552597890.070905,14
1552597890.182774,15
1552597890.295390,15
1552597890.407542,15
1552597890.518675,17
1552597890.629056,16
1552597890.739178,20
1552597890.854323,19
1552597890.969500,17
1552597891.080112,15
1552597891.189220,15
1552597891.300287,11
1552597891.411038,6
1552597891.521131,6
1552597891.631481,8
1552597891.742186,6
1552597891.853268,8
1552597891.964983,8
1552597892.075699,9
1552597892.187724,7
1552597892.298248,8
1552597892.410453,7
1552597892.522052,7
1552597892.633404,8
1552597892.744251,8
1552597892.854563,8
1552597892.970024,8
1552597893.085056,8
1552597893.199798,9
1552597893.312027,8
1552597893.424207,9
1552597893.538054,9
1552597893.650921,9
1552597893.761235,9
1552597893.872638,10
1552597893.982564,9
1552597894.093506,9
1552597894.204108,10
1552597894.316457,10
1552597894.428103,10
1552597894.539800,11
1552597894.652084,12
1552597894.763746,12
1552597894.876231,11
1552597894.987405,11
1552597895.099132,13
1552597895.209576,13
1552597895.321460,20
1552597895.432336,19
1552597895.542810,12
1552597895.653595,14
1552597895.765540,13
1552597895.877883,12
1552597895.989498,12
1552597896.100739,13
1552597896.211538,13
1552597896.322401,13
1552597896.433222,14
1552597896.544349,14
1552597896.654475,13
1552597896.766884,12
1552597896.877428,13
1552597896.989469,13
1552597897.100490,15
1552597897.211306,14
1552597897.322146,14
1552597897.432302,14
1552597897.542373,14
1552597897.653755,14
1552597897.763592,15
1552597897.875231,14
1552597897.984318,15
1552597898.095496,14
1552597898.206707,15
1552597898.321012,15
1552597898.434199,15
1552597898.548019,15
1552597898.661485,16
1552597898.773077,16
1552597898.884585,19
1552597898.996674,20
1552597899.108478,17
1552597899.219731,15
1552597899.331294,15
1552597899.442678,12
1552597899.554230,5
1552597899.665168,7
1552597899.776853,8
1552597899.887597,8
1552597899.999081,7
1552597900.109580,8
1552597900.220844,9
1552597900.335126,7
1552597900.445646,7
1552597900.557011,7
1552597900.668351,7
1552597900.779656,9
1552597900.890410,9
1552597901.001906,8
1552597901.112767,8
1552597901.223448,9
1552597901.334634,9
1552597901.446067,8
1552597901.556719,10
1552597901.668942,11
1552597901.780103,9
1552597901.891167,9
1552597902.001950,9
1552597902.114339,9
1552597902.226996,9
1552597902.338212,10
1552597902.449307,11
1552597902.561438,11
1552597902.674606,12
1552597902.786545,12
1552597902.900005,11
1552597903.015339,12
1552597903.135051,10
1552597903.245432,12
1552597903.357081,13
1552597903.469476,19
1552597903.579692,18
1552597903.688978,15
1552597903.800544,14
1552597903.912132,12
1552597904.022431,12
1552597904.133078,13
1552597904.243871,12
1552597904.355875,14
1552597904.469375,13
1552597904.584362,13
1552597904.698828,14
1552597904.813357,14
1552597904.927491,14
1552597905.039496,14
1552597905.152203,14
1552597905.264405,15
1552597905.378010,14
1552597905.489192,14
1552597905.602473,14
1552597905.718948,14
1552597905.833549,14
1552597905.947110,15
1552597906.058758,14
1552597906.173313,14
1552597906.287289,14
1552597906.400158,16
1552597906.512452,15
1552597906.625399,15
1552597906.737644,15
1552597906.849482,16
1552597906.962991,16
1552597907.078621,19
1552597907.191845,18
1552597907.304322,16
1552597907.416330,14
1552597907.526592,14
1552597907.638559,11
1552597907.748604,5
1552597907.859699,7
1552597907.970794,7
1552597908.082119,6
1552597908.192964,9
1552597908.303663,8
1552597908.415567,8
1552597908.526413,8
1552597908.637620,8
1552597908.748346,7
1552597908.859073,7
1552597908.968845,8
1552597909.087526,8
1552597909.200019,8
1552597909.310069,8
1552597909.421107,8
1552597909.532432,9
1552597909.645774,10
1552597909.757397,10
1552597909.868039,10
1552597909.979084,10
1552597910.091785,10
1552597910.203893,9
1552597910.314823,9
1552597910.425257,10
1552597910.537334,11
1552597910.648694,10
1552597910.759746,10
1552597910.870713,10
1552597910.982686,10
1552597911.093476,10
1552597911.205057,10
1552597911.317825,12
1552597911.427877,13
1552597911.538865,12
1552597911.648886,19
1552597911.760035,17
1552597911.870210,12
1552597911.980404,13
1552597912.091943,12
1552597912.202818,12
1552597912.312612,11
1552597912.424843,12
1552597912.535436,13
1552597912.647190,13
1552597912.759095,14
1552597912.870078,14
1552597912.980736,14
1552597913.090969,13
1552597913.202360,13
1552597913.315955,13
1552597913.426535,13
1552597913.541535,14
1552597913.654997,14
1552597913.767191,14
1552597913.877811,15
1552597913.989147,15
1552597914.098381,14
1552597914.209572,14
1552597914.321184,14
1552597914.431258,14
1552597914.540687,16
1552597914.648673,15
1552597914.760591,16
1552597914.873796,15
1552597914.983027,16
1552597915.092567,17
1552597915.203654,19
1552597915.312860,18
1552597915.421589,16
1552597915.530575,14
1552597915.639490,14
1552597915.748979,14
1552597915.859060,10
1552597915.969272,7
1552597916.081087,6
1552597916.191889,6
1552597916.300816,8
1552597916.412803,8
1552597916.522461,8
1552597916.635543,8
1552597916.745373,8
1552597916.855907,7
1552597916.965821,7
1552597917.077470,8
1552597917.187405,8
1552597917.298611,10
1552597917.407950,8
1552597917.517138,8
1552597917.628692,8
1552597917.739798,8
1552597917.850194,9
1552597917.960904,10
1552597918.070547,9
1552597918.181706,9
1552597918.291341,10
1552597918.403098,10
1552597918.512462,11
1552597918.622053,10
1552597918.730090,11
1552597918.841033,11
1552597918.949165,11
1552597919.059026,11
1552597919.170497,10
1552597919.281358,10
1552597919.391263,10
1552597919.502762,11
1552597919.613253,12
1552597919.724508,12
1552597919.834625,19
1552597919.945515,19
1552597920.056989,13
1552597920.166178,13
1552597920.276678,13
1552597920.385326,12
1552597920.495245,12
1552597920.605796,12
1552597920.714207,12
1552597920.823451,12
1552597920.932620,13
1552597921.041485,14
1552597921.151985,14
1552597921.262349,13
1552597921.373069,13
1552597921.484184,13
1552597921.593975,13
1552597921.703411,14
1552597921.811573,14
1552597921.922419,14
1552597922.032005,14
1552597922.142811,14
1552597922.253273,15
1552597922.364827,14
1552597922.476016,14
1552597922.586247,14
1552597922.696737,15
1552597922.807808,15
1552597922.917229,15
1552597923.040429,15
1552597923.150965,17
1552597923.261017,17
1552597923.373323,16
1552597923.483219,18
1552597923.593079,18
1552597923.704436,16
1552597923.814323,16
1552597923.922723,16
1552597924.032431,16
1552597924.144070,16
1552597924.253416,16
1552597924.363521,17
1552597924.472915,17
1552597924.583955,18
1552597924.694139,19
1552597924.806011,18
1552597924.915385,17
1552597925.025111,17
1552597925.134309,18
1552597925.243913,19
1552597925.353207,20
1552597925.463240,18
1552597925.573422,18
1552597925.683999,18
1552597925.793937,18
1552597925.905003,19
1552597926.016010,17
1552597926.125073,17
1552597926.236451,17
1552597926.345978,18
1552597926.454784,19
1552597926.565979,19
1552597926.674711,19
1552597926.785574,19
1552597926.897246,19
1552597927.006912,19
1552597927.116792,19
1552597927.225606,19
1552597927.333806,19
1552597927.444032,18
1552597927.554106,18
1552597927.664597,18
1552597927.774765,19
1552597927.886500,19
1552597927.998161,20
1552597928.107435,19
1552597928.221362,19
1552597928.332330,19
1552597928.443625,15
1552597928.554299,15
1552597928.666811,11
1552597928.775347,2
1552597928.889154,2
1552597928.999070,3
1552597929.109517,3
1552597929.219939,3
1552597929.330146,4
1552597929.440353,4
1552597929.551728,4
1552597929.661602,5
1552597929.771532,5
1552597929.881734,5
1552597929.993125,5
1552597930.104617,5
1552597930.214881,5
1552597930.325882,6
1552597930.436459,5
1552597930.548609,6
1552597930.659772,6
1552597930.770365,6
1552597930.879841,8
1552597930.990384,7
1552597931.101148,7
1552597931.212769,7
1552597931.323381,7
1552597931.434828,7
1552597931.546601,10
1552597931.656627,9
1552597931.766364,10
1552597931.878683,8
1552597931.989355,15
1552597932.100542,15
1552597932.210878,10
1552597932.321481,10
1552597932.431422,9
1552597932.542371,9
1552597932.653573,9
1552597932.765298,9
1552597932.876502,9
1552597932.987038,11
1552597933.097783,10
1552597933.207743,11
1552597933.319653,11
1552597933.430609,11
1552597933.542040,11
1552597933.652976,12
1552597933.764097,12
1552597933.873825,10
1552597933.985716,10
1552597934.098204,11
1552597934.210204,12
1552597934.320266,12
1552597934.430593,13
1552597934.540292,12
1552597934.651101,12
1552597934.761032,12
1552597934.872964,12
1552597934.986015,11
1552597935.098927,12
1552597935.212091,13
1552597935.327107,14
1552597935.440556,13
1552597935.551893,20
1552597935.662847,20
1552597935.774037,13
1552597935.885796,14
1552597935.996475,13
1552597936.106355,14
1552597936.218155,14
1552597936.330011,14
1552597936.439362,17
1552597936.550049,16
1552597936.660373,15
1552597936.770664,15
1552597936.886075,14
1552597936.997343,14
1552597937.108744,14
1552597937.220241,15
1552597937.331489,16
1552597937.443360,17
1552597937.554166,16
1552597937.665976,16
1552597937.777320,15
1552597937.887118,15
1552597937.997315,16
1552597938.109584,16
1552597938.224148,16
1552597938.335738,16
1552597938.447279,16
1552597938.559316,17
1552597938.673109,17
1552597938.783797,17
1552597938.895267,16
1552597939.008443,16
1552597939.117901,17
1552597939.229520,17
1552597939.340500,16
1552597939.454834,17
1552597939.565786,17
1552597939.676961,18
1552597939.787070,19
1552597939.898715,18
1552597940.011489,19
1552597940.120448,19
1552597940.231488,17
1552597940.342007,18
1552597940.452657,17
1552597940.564614,17
1552597940.676334,18
1552597940.787115,18
1552597940.898329,18
1552597941.008854,18
1552597941.120686,19
1552597941.230704,18
1552597941.341727,20
1552597941.452272,19
1552597941.563204,14
1552597941.674279,17
1552597941.784259,13
1552597941.895437,8
1552597942.006927,8
1552597942.118246,8
1552597942.229399,9
1552597942.339372,9
1552597942.449750,9
1552597942.560605,8
1552597942.671471,8
1552597942.781902,9
1552597942.893280,10
1552597943.004947,10
1552597943.116501,9
1552597943.227511,9
1552597943.340058,9
1552597943.451617,9
1552597943.562769,10
1552597943.673466,11
1552597943.784530,11
1552597943.895385,11
1552597944.007022,11
1552597944.117631,11
1552597944.228636,10
1552597944.339900,11
1552597944.450091,10
1552597944.561459,11
1552597944.673385,11
1552597944.784674,12
1552597944.894978,12
1552597945.005618,14
1552597945.117227,14
1552597945.228612,19
1552597945.340947,19
1552597945.451561,14
1552597945.562916,15
1552597945.672805,12
1552597945.785246,12
1552597945.896027,13
1552597946.006308,13
1552597946.116754,14
1552597946.227658,13
1552597946.339230,13
1552597946.451234,13
1552597946.562389,14
1552597946.674009,14
1552597946.785673,14
1552597946.896512,15
1552597947.008180,16
1552597947.119571,14
1552597947.231079,14
1552597947.342459,14
1552597947.453563,14
1552597947.563668,15
1552597947.674454,16
1552597947.784672,15
1552597947.899429,15
1552597948.009272,15
1552597948.119673,16
1552597948.235070,15
1552597948.348124,15
1552597948.459996,15
1552597948.571863,17
1552597948.683904,16
1552597948.795532,20
1552597948.906645,18
1552597949.016989,18
1552597949.127009,15
1552597949.238675,16
1552597949.349363,17
1552597949.460502,7
1552597949.571745,6
1552597949.682850,8
1552597949.793450,7
1552597949.903995,9
1552597950.014473,10
1552597950.125434,9
1552597950.236655,8
1552597950.346859,7
1552597950.457822,8
1552597950.567912,9
1552597950.678224,8
1552597950.789669,9
1552597950.900652,9
1552597951.011116,8
1552597951.122616,8
1552597951.233014,9
1552597951.346473,9
1552597951.457820,9
1552597951.569993,10
1552597951.679641,11
1552597951.790048,10
1552597951.902167,10
1552597952.014210,11
1552597952.124542,10
1552597952.234191,12
1552597952.344581,11
1552597952.454999,11
1552597952.565076,10
1552597952.676499,10
1552597952.786690,11
1552597952.896215,11
1552597953.005445,11
1552597953.121869,12
1552597953.231902,13
1552597953.343022,13
1552597953.451661,19
1552597953.560827,20
1552597953.671934,15
1552597953.780979,13
1552597953.891481,11
1552597954.000376,12
1552597954.109311,13
1552597954.217820,12
1552597954.329014,13
1552597954.437692,13
1552597954.547085,13
1552597954.656873,13
1552597954.767749,13
1552597954.878070,13
1552597954.988539,14
1552597955.097441,14
1552597955.206210,14
1552597955.316434,14
1552597955.426086,15
1552597955.536517,16
1552597955.645615,14
1552597955.755617,14
1552597955.865484,14
1552597955.975155,15
1552597956.086278,15
1552597956.196811,15
1552597956.306989,15
1552597956.417962,15
1552597956.529382,15
1552597956.639953,16
1552597956.749697,17
1552597956.859987,17
1552597956.969845,15
1552597957.079468,18
1552597957.189518,18
1552597957.299648,16
1552597957.409476,14
1552597957.518300,14
1552597957.635976,8
1552597957.747181,8
1552597957.858030,6
1552597957.969868,8
1552597958.081097,9
1552597958.191300,9
1552597958.301755,9
1552597958.413851,8
1552597958.528046,7
1552597958.638387,7
1552597958.750480,9
1552597958.863300,8
1552597958.973760,9
1552597959.084948,9
1552597959.194840,9
1552597959.305971,8
1552597959.415911,8
1552597959.527160,9
1552597959.638004,9
1552597959.748857,9
1552597959.860606,9
1552597959.971108,10
1552597960.082616,9
1552597960.193316,9
1552597960.304702,11
1552597960.416153,11
1552597960.527294,11
1552597960.637300,11
1552597960.748998,11
1552597960.859858,11
1552597960.971235,11
1552597961.081955,11
1552597961.192147,12
1552597961.302670,11
1552597961.415371,12
1552597961.524910,12
1552597961.634487,13
1552597961.744567,19
1552597961.855659,18
1552597961.966439,14
1552597962.081742,13
1552597962.193560,13
1552597962.304378,13
1552597962.414401,13
1552597962.524194,13
1552597962.634925,14
1552597962.746079,12
1552597962.857168,13
1552597962.968818,13
1552597963.079543,13
1552597963.190468,15
1552597963.301907,15
1552597963.414680,14
1552597963.525328,14
1552597963.636774,14
1552597963.747917,14
1552597963.858259,14
1552597963.970248,14
1552597964.081373,15
1552597964.192630,14
1552597964.303527,15
1552597964.414797,15
1552597964.524943,15
1552597964.635221,15
1552597964.745910,16
1552597964.858052,16
1552597964.968821,16
1552597965.079815,17
1552597965.192114,16
1552597965.303475,18
1552597965.413840,19
1552597965.526961,16
1552597965.638792,14
1552597965.748967,14
1552597965.860632,9
1552597965.977516,6
1552597966.090047,5
1552597966.203915,8
1552597966.318065,8
1552597966.432236,9
1552597966.546284,8
1552597966.662301,7
1552597966.790022,7
1552597966.904922,8
1552597967.017347,9
1552597967.130463,8
1552597967.243911,9
1552597967.357015,8
1552597967.471077,8
1552597967.584596,8
1552597967.697309,9
1552597967.808718,9
1552597967.919131,9
1552597968.030507,9
1552597968.141901,9
1552597968.253501,10
1552597968.366514,10
1552597968.476643,11
1552597968.587413,11
1552597968.697672,11
1552597968.808967,11
1552597968.920034,11
1552597969.029674,10
1552597969.140680,11
1552597969.252156,11
1552597969.362829,11
1552597969.474046,11
1552597969.588499,13
1552597969.698542,13
1552597969.809317,19
1552597969.920171,20
1552597970.032404,15
1552597970.142924,13
1552597970.252614,14
1552597970.362885,12
1552597970.474440,12
1552597970.584941,12
1552597970.695708,13
1552597970.805851,13
1552597970.916441,13
1552597971.028059,13
1552597971.137606,13
1552597971.249639,13
1552597971.361618,14
1552597971.472833,15
1552597971.583885,14
1552597971.695410,15
1552597971.807599,14
1552597971.919461,14
1552597972.029900,14
1552597972.138192,14
1552597972.250437,15
1552597972.360213,14
1552597972.469556,15
1552597972.579903,15
1552597972.690966,15
1552597972.802986,15
1552597972.914056,16
1552597973.024364,16
1552597973.136277,16
1552597973.247548,16
1552597973.362252,15
1552597973.472596,18
1552597973.583443,19
1552597973.694511,15
1552597973.805299,14
1552597973.915725,14
1552597974.027114,9
1552597974.138633,10
1552597974.250567,7
1552597974.363608,8
1552597974.474983,9
1552597974.586043,8
1552597974.700606,7
1552597974.811296,9
1552597974.923774,8
1552597975.034937,7
1552597975.145917,8
1552597975.257702,9
1552597975.369457,8
1552597975.484249,8
1552597975.604225,8
1552597975.717145,8
1552597975.831426,9
1552597975.944100,9
1552597976.057023,10
1552597976.173216,10
1552597976.286027,11
1552597976.401464,11
1552597976.514984,10
1552597976.627125,10
1552597976.737012,10
1552597976.851900,10
1552597976.971974,10
1552597977.084594,11
1552597977.197594,11
1552597977.311077,12
1552597977.424156,12
1552597977.536806,12
1552597977.647398,12
1552597977.761497,12
1552597977.878136,14
1552597977.990941,12
1552597978.100986,18
1552597978.210482,18
1552597978.320916,14
1552597978.430935,14
1552597978.543302,12
1552597978.657280,13
1552597978.769071,13
1552597978.879890,13
1552597978.990569,13
1552597979.100586,12
1552597979.211531,12
1552597979.321731,14
1552597979.432895,13
1552597979.544717,14
1552597979.656662,15
1552597979.766372,14
1552597979.876507,14
1552597979.988748,14
1552597980.099463,14
1552597980.210392,14
1552597980.320647,14
1552597980.432123,14
1552597980.542601,14
1552597980.653199,14
1552597980.763452,15
1552597980.874238,15
1552597980.984194,15
1552597981.093967,15
1552597981.203962,15
1552597981.314612,16
1552597981.425833,16
1552597981.537872,16
1552597981.648506,19
1552597981.760632,18
1552597981.870992,18
1552597981.983412,15
1552597982.095325,15
1552597982.206469,11
1552597982.316670,11
1552597982.427958,7
1552597982.538687,7
1552597982.649747,6
1552597982.760272,9
1552597982.870294,10
1552597982.983216,8
1552597983.094570,7
1552597983.205601,7
1552597983.316472,8
1552597983.428088,8
1552597983.538545,8
1552597983.650984,9
1552597983.762209,8
1552597983.872923,9
1552597983.983527,9
1552597984.094628,9
1552597984.205599,10
1552597984.315912,9
1552597984.428031,9
1552597984.537566,10
1552597984.648468,9
1552597984.758297,9
1552597984.869956,9
1552597984.980968,10
1552597985.091441,10
1552597985.203899,12
1552597985.315833,11
1552597985.426444,11
1552597985.537203,11
1552597985.647884,11
1552597985.759031,10
1552597985.869222,13
1552597985.980581,13
1552597986.091338,12
1552597986.203267,18
1552597986.314015,18
1552597986.424319,17
1552597986.535676,14
1552597986.648142,13
1552597986.759915,12
1552597986.870398,14
1552597986.983181,13
1552597987.094043,13
1552597987.205992,13
1552597987.317457,12
1552597987.428099,12
1552597987.538273,13
1552597987.649400,14
1552597987.759926,13
1552597987.870317,14
1552597987.982303,14
1552597988.093173,14
1552597988.203959,14
1552597988.313695,14
1552597988.425877,14
1552597988.537656,14
1552597988.649555,14
1552597988.761935,14
1552597988.873971,14
1552597988.984092,15
1552597989.095734,16
1552597989.205898,15
1552597989.316890,15
1552597989.429689,15
1552597989.539540,16
1552597989.649848,17
1552597989.760213,17
1552597989.870528,19
1552597989.980404,18
1552597990.091650,18
1552597990.202998,14
1552597990.314303,14
1552597990.425394,8
1552597990.535790,6
1552597990.645638,6
1552597990.756475,8
1552597990.868077,7
1552597990.981213,9
1552597991.092414,8
1552597991.207187,8
1552597991.319978,7
1552597991.433209,8
1552597991.543856,9
1552597991.655457,9
1552597991.767339,9
1552597991.877861,9
1552597991.988875,9
1552597992.102630,9
1552597992.214000,9
1552597992.325487,9
1552597992.436086,10
1552597992.545691,9
1552597992.654235,9
1552597992.766799,9
1552597992.875056,10
1552597992.985557,10
1552597993.098240,11
1552597993.208996,10
1552597993.319328,10
1552597993.430555,11
1552597993.539890,11
1552597993.651549,12
1552597993.764492,12
1552597993.872847,11
1552597993.983102,12
1552597994.093969,12
1552597994.206359,12
1552597994.317612,13
1552597994.427634,18
1552597994.537794,19
1552597994.648370,15
1552597994.759726,14
1552597994.872941,12
1552597994.985213,13
1552597995.098825,13
1552597995.210219,13
1552597995.319392,14
1552597995.430746,14
1552597995.540738,13
1552597995.652503,12
1552597995.763241,13
1552597995.872859,14
1552597995.987697,14
1552597996.097821,15
1552597996.207964,14
1552597996.317999,14
1552597996.431821,14
1552597996.541557,14
1552597996.650376,14
1552597996.762312,15
1552597996.872575,15
1552597996.985913,14
1552597997.095761,15
1552597997.206926,15
1552597997.318962,15
1552597997.429426,15
1552597997.539698,15
1552597997.650639,15
1552597997.761893,16
1552597997.872558,17
1552597997.983856,20
1552597998.094160,20
1552597998.206528,19
1552597998.317091,14
1552597998.427316,14
1552597998.539212,10
1552597998.649944,10
1552597998.761722,7
1552597998.872643,6
1552597998.983900,7
1552597999.093320,9
1552597999.203778,10
1552597999.313717,9
1552597999.425278,8
1552597999.538536,7
1552597999.650630,8
1552597999.761782,9
1552597999.873266,9
1552597999.984176,8
1552598000.096379,8
1552598000.206379,9
1552598000.319552,9
1552598000.430567,9
1552598000.542085,9
1552598000.653295,10
1552598000.764109,10
1552598000.874044,9
1552598000.984618,9
1552598001.095858,9
1552598001.206872,9
1552598001.318266,11
1552598001.428422,10
1552598001.539928,10
1552598001.651824,11
1552598001.763131,11
1552598001.873020,11
1552598001.987803,11
1552598002.098976,12
1552598002.210589,12
1552598002.322402,12
1552598002.434021,12
1552598002.545757,12
1552598002.657764,19
1552598002.767420,19
1552598002.877772,15
1552598002.989859,13
1552598003.105927,12
1552598003.219968,13
1552598003.333740,13
1552598003.446182,13
1552598003.556991,12
1552598003.670295,13
1552598003.780626,14
1552598003.891307,13
1552598004.002291,13
1552598004.113134,13
1552598004.224847,14
1552598004.335178,14
1552598004.446599,14
1552598004.558572,14
1552598004.670055,14
1552598004.781248,15
1552598004.892108,14
1552598005.002801,14
1552598005.114093,14
1552598005.225252,15
1552598005.336222,15
1552598005.446705,15
1552598005.557309,15
1552598005.668768,15
1552598005.780650,15
1552598005.891477,17
1552598006.002406,17
1552598006.113162,16
1552598006.224563,15
1552598006.336999,18
1552598006.449381,18
1552598006.560106,14
1552598006.674377,14
1552598006.788740,14
1552598006.902303,7
1552598007.012353,6
1552598007.123230,6
1552598007.233941,7
1552598007.344542,9
1552598007.455846,9
1552598007.567294,8
1552598007.679599,8
1552598007.790799,7
1552598007.901786,8
1552598008.013751,9
1552598008.125148,9
1552598008.235340,9
1552598008.347122,8
1552598008.458260,8
1552598008.569305,8
1552598008.681482,9
1552598008.792882,9
1552598008.904222,10
1552598009.014721,9
1552598009.124898,9
1552598009.235902,9
1552598009.346487,9
1552598009.456322,11
1552598009.568569,12
1552598009.678825,11
1552598009.790056,11
1552598009.900540,11
1552598010.010136,12
1552598010.120687,12
1552598010.231468,10
1552598010.342388,10
1552598010.453020,11
1552598010.577075,11
1552598010.687933,14
1552598010.802923,14
1552598010.915164,19
1552598011.026014,19
1552598011.136164,15
1552598011.246183,13
1552598011.358694,12
1552598011.468805,12
1552598011.580284,12
1552598011.690779,13
1552598011.801605,13
1552598011.912888,13
1552598012.024649,13
1552598012.136026,13
1552598012.247915,13
1552598012.357604,14
1552598012.468753,15
1552598012.578672,14
1552598012.695956,15
1552598012.805504,15
1552598012.920770,14
1552598013.032411,14
1552598013.142544,14
1552598013.253949,14
1552598013.366240,14
1552598013.475724,15
1552598013.586417,15
1552598013.695719,15
1552598013.806290,15
1552598013.917207,16
1552598014.030707,15
1552598014.151822,15
1552598014.264418,16
1552598014.374044,16
1552598014.489086,15
1552598014.599903,18
1552598014.710242,20
1552598014.820836,14
1552598014.931482,15
1552598015.043967,13
1552598015.154705,11
1552598015.266772,7
1552598015.377405,6
1552598015.488115,8
1552598015.602903,7
1552598015.713448,9
1552598015.824094,9
1552598015.934885,7
1552598016.046598,8
1552598016.158081,7
1552598016.270876,8
1552598016.381457,8
1552598016.495091,8
1552598016.607301,8
1552598016.718596,9
1552598016.828915,9
1552598016.938802,9
1552598017.048692,9
1552598017.160222,9
1552598017.272737,9
1552598017.383695,11
1552598017.494489,10
1552598017.605786,10
1552598017.715086,10
1552598017.826081,11
1552598017.937223,11
1552598018.049261,12
1552598018.160400,12
1552598018.271008,10
1552598018.381890,10
1552598018.493413,10
1552598018.604502,10
1552598018.719825,12
1552598018.832214,13
1552598018.943818,13
1552598019.055687,15
1552598019.166696,20
1552598019.276831,17
1552598019.395707,13
1552598019.517816,14
1552598019.637976,12
1552598019.749640,14
1552598019.860777,13
1552598019.972893,13
1552598020.083193,13
1552598020.193672,13
1552598020.305739,13
1552598020.419347,13
1552598020.530354,12
1552598020.640850,14
1552598020.753237,14
1552598020.864995,14
1552598020.976286,14
1552598021.088187,14
1552598021.198802,14
1552598021.309833,14
1552598021.421887,14
1552598021.533349,15
1552598021.643579,14
1552598021.754421,14
1552598021.864653,15
1552598021.974773,15
1552598022.087944,15
1552598022.198730,16
1552598022.321985,15
1552598022.432484,16
1552598022.544093,16
1552598022.657021,16
1552598022.768649,19
1552598022.879485,19
1552598022.989694,16
1552598023.100694,17
1552598023.212948,17
1552598023.323253,16
1552598023.436434,16
1552598023.548465,17
1552598023.659452,18
1552598023.770365,18
1552598023.882625,19
1552598023.993739,19
1552598024.104172,18
1552598024.215188,20
1552598024.325627,20
1552598024.436567,17
1552598024.547061,20
1552598024.659597,19
1552598024.771114,17
1552598024.882133,17
1552598024.992326,17
1552598025.103643,18
1552598025.213263,18
1552598025.323743,19
1552598025.434728,18
1552598025.545378,19
1552598025.659460,18
1552598025.771788,18
1552598025.883900,18
1552598025.996126,18
1552598026.108939,19
1552598026.220205,19
1552598026.331256,20
1552598026.441291,19
1552598026.552540,19
1552598026.662958,19
1552598026.773280,20
1552598026.885267,18
1552598026.995623,18
1552598027.105743,18
1552598027.217909,19
1552598027.328853,19
1552598027.440489,19
1552598027.551976,14
1552598027.662321,15
1552598027.775900,16
1552598027.885991,10
1552598027.997939,11
1552598028.108574,8
1552598028.223148,9
1552598028.333946,10
1552598028.444243,10
1552598028.555898,10
1552598028.666044,10
1552598028.780818,10
1552598028.891066,11
1552598029.004082,11
1552598029.115921,11
1552598029.230099,11
1552598029.342866,10
1552598029.455767,10
1552598029.567398,10
1552598029.679500,10
1552598029.792425,11
1552598029.904395,11
1552598030.015711,12
1552598030.126116,13
1552598030.237189,12
1552598030.347797,12
1552598030.457691,12
1552598030.568076,11
1552598030.678198,11
1552598030.788654,12
1552598030.899831,12
1552598031.010224,14
1552598031.120807,13
1552598031.233186,19
1552598031.344137,20
1552598031.455830,14
1552598031.567165,13
1552598031.677978,10
1552598031.790365,4
1552598031.901686,4
1552598032.013101,5
1552598032.125419,5
1552598032.235713,6
1552598032.346664,6
1552598032.457988,7
1552598032.568784,7
1552598032.679894,6
1552598032.791131,6
1552598032.901380,7
1552598033.012283,7
1552598033.122728,9
1552598033.233594,7
1552598033.343878,7
1552598033.461659,8
1552598033.573137,8
1552598033.684260,8
1552598033.798075,8
1552598033.909037,8
1552598034.019836,8
1552598034.130317,8
1552598034.241438,9
1552598034.353963,11
1552598034.464841,10
1552598034.587053,10
1552598034.697942,10
1552598034.810065,16
1552598034.920469,14
1552598035.031521,12
1552598035.148293,9
1552598035.260831,10
1552598035.372410,12
1552598035.485443,12
1552598035.599212,12
1552598035.710385,11
1552598035.819421,11
1552598035.929394,10
1552598036.038828,11
1552598036.148673,11
1552598036.258468,11
1552598036.366960,11
1552598036.476279,13
1552598036.587253,13
1552598036.697640,12
1552598036.809195,12
1552598036.920395,12
1552598037.033241,13
1552598037.143983,12
1552598037.255604,14
1552598037.366655,13
1552598037.479943,12
1552598037.590511,13
1552598037.700729,13
1552598037.810274,14
1552598037.920535,14
1552598038.031596,14
1552598038.141295,15
1552598038.251840,14
1552598038.362895,18
1552598038.473755,19
1552598038.585348,13
1552598038.696485,15
1552598038.810573,11
1552598038.922097,7
1552598039.033587,6
1552598039.144271,6
1552598039.255511,6
1552598039.365488,6
1552598039.483631,6
1552598039.594086,6
1552598039.704644,7
1552598039.815879,8
1552598039.926117,8
1552598040.037813,7
1552598040.148722,7
1552598040.258914,7
1552598040.368426,7
1552598040.478747,9
1552598040.589122,8
1552598040.697746,8
1552598040.807395,8
1552598040.916449,8
1552598041.026541,8
1552598041.137310,9
1552598041.247227,10
1552598041.357543,11
1552598041.468263,11
1552598041.584410,11
1552598041.696710,10
1552598041.820801,9
1552598041.930367,10
1552598042.039278,12
1552598042.153777,18
1552598042.263077,16
1552598042.375317,11
1552598042.485151,14
1552598042.595702,11
1552598042.705336,11
1552598042.814738,11
1552598042.923201,11
1552598043.031093,11
1552598043.141172,12
1552598043.251046,13
1552598043.360252,11
1552598043.468842,11
1552598043.580055,12
1552598043.688773,13
1552598043.799437,12
1552598043.907492,13
1552598044.017527,13
1552598044.126732,14
1552598044.239362,14
1552598044.351352,14
1552598044.461424,13
1552598044.572372,13
1552598044.682429,12
1552598044.792702,14
1552598044.903770,14
1552598045.013064,14
1552598045.122942,15
1552598045.238956,14
1552598045.356987,14
1552598045.487925,15
1552598045.604172,17
1552598045.713633,18
1552598045.823668,18
1552598045.934419,17
1552598046.043874,13
1552598046.154813,13
1552598046.265433,7
1552598046.374485,5
1552598046.485090,6
1552598046.595579,8
1552598046.706891,5
1552598046.817490,9
1552598046.929992,8
1552598047.041378,6
1552598047.152579,7
1552598047.263531,7
1552598047.373776,7
1552598047.485045,7
1552598047.596450,7
1552598047.705532,7
1552598047.815302,8
1552598047.926907,9
1552598048.037879,9
1552598048.149497,8
1552598048.259950,9
1552598048.371482,8
1552598048.482579,8
1552598048.593489,9
1552598048.705045,9
1552598048.816288,9
1552598048.926367,9
1552598049.037802,9
1552598049.148633,9
1552598049.259679,9
1552598049.370946,10
1552598049.481775,11
1552598049.594543,12
1552598049.705519,12
1552598049.817781,11
1552598049.927511,11
1552598050.037835,11
1552598050.149594,10
1552598050.262878,17
1552598050.374624,17
1552598050.485719,13
1552598050.596727,15
1552598050.708269,12
1552598050.818552,13
1552598050.928749,12
1552598051.037516,13
1552598051.149665,12
1552598051.259599,12
1552598051.367711,12
1552598051.476666,14
1552598051.587305,14
1552598051.698936,12
1552598051.810158,14
1552598051.919848,13
1552598052.030603,13
1552598052.141031,13
1552598052.252824,13
1552598052.364581,14
1552598052.475971,14
1552598052.587628,14
1552598052.698147,14
1552598052.808162,14
1552598052.918565,14
1552598053.029775,15
1552598053.139117,15
1552598053.249926,14
1552598053.360252,14
1552598053.471611,16
1552598053.582315,17
1552598053.692234,16
1552598053.802955,19
1552598053.912719,18
1552598054.025081,17
1552598054.135698,15
1552598054.245328,16
1552598054.355666,11
1552598054.465643,7
1552598054.575574,6
1552598054.685647,8
1552598054.795257,6
1552598054.906819,7
1552598055.016847,8
1552598055.127830,8
1552598055.237004,7
1552598055.345978,7
1552598055.456007,8
1552598055.566645,7
1552598055.677032,8
1552598055.787001,8
1552598055.896068,8
1552598056.005605,8
1552598056.118644,8
1552598056.228475,8
1552598056.339224,9
1552598056.451861,9
1552598056.563003,10
1552598056.674211,11
1552598056.786262,10
1552598056.897796,10
1552598057.011139,10
1552598057.121062,9
1552598057.232764,9
1552598057.344349,11
1552598057.455169,12
1552598057.565664,10
1552598057.675964,10
1552598057.787485,10
1552598057.898770,10
1552598058.010679,11
1552598058.122614,11
1552598058.233197,14
1552598058.348486,15
1552598058.461747,20
1552598058.572737,17
1552598058.685976,13
1552598058.801538,13
1552598058.912028,11
1552598059.022830,13
1552598059.134855,13
1552598059.248630,14
1552598059.359932,13
1552598059.470781,13
1552598059.582367,13
1552598059.695349,13
1552598059.806427,13
1552598059.916629,14
1552598060.025716,12
1552598060.138185,13
1552598060.249786,14
1552598060.361887,14
1552598060.474087,14
1552598060.583420,14
1552598060.692907,15
1552598060.803777,14
1552598060.916651,14
1552598061.027890,14
1552598061.139318,14
1552598061.249710,14
1552598061.360137,16
1552598061.469684,15
1552598061.581503,15
1552598061.692612,16
1552598061.806179,16
1552598061.917077,15
1552598062.028922,18
1552598062.140242,19
1552598062.250699,15
1552598062.361855,14
1552598062.472811,15
1552598062.585298,8
1552598062.696681,6
1552598062.807644,6
1552598062.918983,7
1552598063.029589,7
1552598063.140488,10
1552598063.255431,8
1552598063.371131,7
1552598063.482886,8
1552598063.598198,7
1552598063.711018,7
1552598063.822429,9
1552598063.933687,9
1552598064.044283,8
1552598064.155281,8
1552598064.266534,8
1552598064.378647,8
1552598064.490743,9
1552598064.602795,11
1552598064.713726,10
1552598064.823721,10
1552598064.934663,10
1552598065.045962,9
1552598065.156004,9
1552598065.266092,9
1552598065.376225,9
1552598065.486985,10
1552598065.598761,10
1552598065.709748,10
1552598065.821834,11
1552598065.932405,11
1552598066.042335,10
1552598066.153891,11
1552598066.265810,12
1552598066.377127,13
1552598066.488261,19
1552598066.599246,20
1552598066.712508,15
1552598066.823132,13
1552598066.935626,11
1552598067.045579,12
1552598067.157445,12
1552598067.269584,12
1552598067.381421,13
1552598067.492558,13
1552598067.603080,13
1552598067.714579,13
1552598067.824594,13
1552598067.935333,13
1552598068.045759,13
1552598068.157467,12
1552598068.270738,13
1552598068.383503,14
1552598068.493824,14
1552598068.605255,15
1552598068.714357,14
1552598068.825543,14
1552598068.939527,14
1552598069.052889,14
1552598069.164320,14
1552598069.275075,14
1552598069.385915,15
1552598069.498198,16
1552598069.609314,16
1552598069.724677,15
1552598069.836769,16
1552598069.947455,16
1552598070.058520,15
1552598070.170524,18
1552598070.283563,19
1552598070.395000,16
1552598070.505659,17
1552598070.616805,16
1552598070.727286,16
1552598070.839104,16
1552598070.950080,16
1552598071.061362,17
1552598071.172940,18
1552598071.284468,18
1552598071.399366,19
1552598071.512434,19
1552598071.626858,20
1552598071.738847,19
1552598071.849915,18
1552598071.960961,17
1552598072.071417,18
1552598072.180845,11
1552598072.291535,7
1552598072.402178,7
1552598072.514180,8
1552598072.626046,9
1552598072.738303,8
1552598072.848268,8
1552598072.961154,8
1552598073.072434,8
1552598073.182592,8
1552598073.293325,9
1552598073.405433,9
1552598073.516495,8
1552598073.627125,9
1552598073.737998,9
1552598073.848281,9
1552598073.959927,11
1552598074.070905,11
1552598074.181961,10
1552598074.293965,10
1552598074.405401,11
1552598074.515848,11
1552598074.627414,10
1552598074.738842,10
1552598074.850848,11
1552598074.961909,12
1552598075.072553,10
1552598075.184179,18
1552598075.294916,17
1552598075.405750,13
1552598075.517631,13
1552598075.629100,12
1552598075.740577,12
1552598075.850924,13
1552598075.962107,12
1552598076.072759,11
1552598076.185003,11
1552598076.296390,13
1552598076.407277,13
1552598076.518443,13
1552598076.630122,14
1552598076.739011,13
1552598076.849519,13
1552598076.963203,13
1552598077.073887,13
1552598077.184673,12
1552598077.295637,14
1552598077.406471,14
1552598077.517628,14
1552598077.628300,14
1552598077.745543,14
1552598077.857199,14
1552598077.968284,14
1552598078.079063,14
1552598078.189450,14
1552598078.301956,15
1552598078.415110,18
1552598078.526781,16
1552598078.636867,17
1552598078.748355,18
1552598078.859382,18
1552598078.971237,18
1552598079.081952,14
1552598079.192913,14
1552598079.304337,10
1552598079.415424,6
1552598079.527848,7
1552598079.639606,7
1552598079.749934,6
1552598079.868160,9
1552598079.979628,8
1552598080.090511,8
1552598080.200683,7
1552598080.312439,7
1552598080.424385,7
1552598080.535430,8
1552598080.648919,9
1552598080.759983,9
1552598080.870412,9
1552598080.981562,9
1552598081.092046,9
1552598081.202863,8
1552598081.313708,10
1552598081.423512,9
1552598081.534740,9
1552598081.644855,9
1552598081.755242,9
1552598081.865826,9
1552598081.978573,10
1552598082.090616,9
1552598082.201559,10
1552598082.312318,11
1552598082.422660,12
1552598082.532458,11
1552598082.642218,11
1552598082.753448,11
1552598082.864434,10
1552598082.980822,10
1552598083.092199,12
1552598083.203538,12
1552598083.312836,18
1552598083.423898,20
1552598083.533118,18
1552598083.646573,15
1552598083.756749,13
1552598083.866948,12
1552598083.978480,12
1552598084.089508,13
1552598084.202575,12
1552598084.315012,12
1552598084.425929,13
1552598084.537895,13
1552598084.649233,13
1552598084.760609,13
1552598084.870502,13
1552598084.982204,13
1552598085.093077,14
1552598085.202779,15
1552598085.315730,14
1552598085.426615,14
1552598085.537719,14
1552598085.654791,14
1552598085.766552,14
1552598085.878941,14
1552598085.991541,14
1552598086.104318,14
1552598086.217045,15
1552598086.329253,15
1552598086.441076,16
1552598086.560817,16
1552598086.670707,16
1552598086.783379,16
1552598086.897910,15
1552598087.008615,18
1552598087.120018,19
1552598087.229108,14
1552598087.339291,14
1552598087.452473,14
1552598087.564061,8
1552598087.674001,7
1552598087.786722,7
1552598087.897600,6
1552598088.008745,8
1552598088.118947,8
1552598088.229394,8
1552598088.339754,8
1552598088.449913,7
1552598088.561183,8
1552598088.671902,9
1552598088.782522,7
1552598088.893196,8
1552598089.012783,8
1552598089.126978,9
1552598089.238649,9
1552598089.349770,8
1552598089.460240,8
1552598089.568808,10
1552598089.678344,10
1552598089.792690,10
1552598089.907359,11
1552598090.022383,10
1552598090.133637,11
1552598090.244153,10
1552598090.353112,9
1552598090.463392,10
1552598090.572303,11
1552598090.684640,10
1552598090.794510,10
1552598090.906063,10
1552598091.016675,10
1552598091.127025,10
1552598091.237061,12
1552598091.347720,13
1552598091.458538,13
1552598091.568314,19
1552598091.679453,19
1552598091.789736,14
1552598091.900422,13
1552598092.011188,13
1552598092.123084,11
1552598092.233131,11
1552598092.343141,12
1552598092.453337,13
1552598092.564554,14
1552598092.679840,13
1552598092.790418,14
1552598092.902454,13
1552598093.013579,13
1552598093.124687,13
1552598093.236792,13
1552598093.346674,14
1552598093.457386,14
1552598093.569984,15
1552598093.681082,14
1552598093.791948,14
1552598093.902450,14
1552598094.013740,14
1552598094.123031,15
1552598094.234573,14
1552598094.345275,14
1552598094.456517,15
1552598094.568444,16
1552598094.678913,16
1552598094.795671,15
1552598094.906621,16
1552598095.018516,16
1552598095.130498,15
1552598095.240707,18
1552598095.351597,18
1552598095.462670,14
1552598095.574304,14
1552598095.686922,13
1552598095.797743,8
1552598095.909056,7
1552598096.020836,7
1552598096.132019,6
1552598096.243277,8
1552598096.352962,8
1552598096.463179,8
1552598096.572475,8
1552598096.685951,7
1552598096.796910,7
1552598096.910516,9
1552598097.021605,10
1552598097.134029,8
1552598097.244414,8
1552598097.356137,8
1552598097.467087,8
1552598097.579783,8
1552598097.691694,8
1552598097.802983,9
1552598097.919554,10
1552598098.030885,11
1552598098.142491,11
1552598098.253797,10
1552598098.363348,10
1552598098.474142,10
1552598098.586595,10
1552598098.700161,10
1552598098.813543,11
1552598098.927928,10
1552598099.039508,10
1552598099.150068,11
1552598099.262916,11
1552598099.375641,11
1552598099.487773,11
1552598099.599154,13
1552598099.709358,12
1552598099.821728,19
1552598099.933628,17
1552598100.043363,12
1552598100.153920,13
1552598100.264831,13
1552598100.376239,12
1552598100.486687,11
1552598100.598535,12
1552598100.710465,13
1552598100.821412,13
1552598100.931252,14
1552598101.043389,13
1552598101.154409,14
1552598101.265068,13
1552598101.376581,13
1552598101.487779,13
1552598101.599539,13
1552598101.709659,14
1552598101.820814,15
1552598101.932380,14
1552598102.045150,14
1552598102.157497,14
1552598102.269004,14
1552598102.379782,14
1552598102.490891,14
1552598102.601308,15
1552598102.714997,17
1552598102.826304,16
1552598102.938033,16
1552598103.048588,15
1552598103.160040,16
1552598103.271198,16
1552598103.383257,19
1552598103.493774,19
1552598103.604079,16
1552598103.713058,14
1552598103.822722,14
1552598103.935687,14
1552598104.047142,8
1552598104.157734,7
1552598104.270199,7
1552598104.379504,6
1552598104.491131,7
1552598104.601828,8
1552598104.713405,8
1552598104.824265,7
1552598104.935372,7
1552598105.045897,8
1552598105.156982,7
1552598105.267054,7
1552598105.377419,8
1552598105.487735,8
1552598105.598400,9
1552598105.709625,8
1552598105.820571,8
1552598105.932374,8
1552598106.042102,9
1552598106.153230,10
1552598106.264461,11
1552598106.374562,10
1552598106.484820,10
1552598106.595754,10
1552598106.706468,10
1552598106.818911,11
1552598106.929642,12
1552598107.040556,11
1552598107.152485,11
1552598107.268723,11
1552598107.379468,10
1552598107.491513,10
1552598107.602161,10
1552598107.716547,12
1552598107.826811,13
1552598107.939677,19
1552598108.050107,20
1552598108.163073,17
1552598108.274443,13
1552598108.388093,13
1552598108.499541,12
1552598108.611160,12
1552598108.721811,12
1552598108.833068,13
1552598108.946068,13
1552598109.059272,13
1552598109.172119,13
1552598109.284472,13
1552598109.395533,14
1552598109.509212,12
1552598109.620497,13
1552598109.730623,13
1552598109.843459,15
1552598109.957392,14
1552598110.069455,14
1552598110.179957,14
1552598110.290233,14
1552598110.399695,14
1552598110.510726,15
1552598110.621414,14
1552598110.733189,15
1552598110.843471,14
1552598110.954413,15
1552598111.064582,15
1552598111.176412,15
1552598111.287356,16
1552598111.398990,16
1552598111.510168,15
1552598111.621365,18
1552598111.732234,18
1552598111.844362,15
1552598111.955802,14
1552598112.066148,14
1552598112.178453,8
1552598112.289336,6
1552598112.400191,6
1552598112.509729,7
1552598112.619661,8
1552598112.731466,8
1552598112.842180,8
1552598112.953411,8
1552598113.064345,7
1552598113.176274,7
1552598113.287053,7
1552598113.397926,9
1552598113.508535,8
1552598113.619122,8
1552598113.729700,8
1552598113.839951,8
1552598113.951411,8
1552598114.060890,9
1552598114.170677,9
1552598114.280842,10
1552598114.391690,10
1552598114.502066,10
1552598114.611547,11
1552598114.722745,10
1552598114.835252,10
1552598114.945388,9
1552598115.057409,10
1552598115.167418,12
1552598115.279026,11
1552598115.388832,10
1552598115.503008,11
1552598115.614757,10
1552598115.725899,11
1552598115.841106,11
1552598115.956191,13
1552598116.067441,13
1552598116.178693,19
1552598116.291125,19
1552598116.403560,15
1552598116.515980,13
1552598116.626540,11
1552598116.737938,12
1552598116.848686,13
1552598116.960105,13
1552598117.071459,13
1552598117.183642,13
1552598117.294492,13
1552598117.405770,13
1552598117.516223,13
1552598117.626719,14
1552598117.737270,12
1552598117.848443,13
1552598117.959107,14
1552598118.069903,15
1552598118.180930,14
1552598118.291577,15
1552598118.401496,14
1552598118.512697,14
1552598118.623953,14
1552598118.735571,14
1552598118.846800,14
1552598118.957927,16
1552598119.069309,15
1552598119.181060,15
1552598119.293312,15
1552598119.411382,15
1552598119.521802,16
1552598119.633870,16
1552598119.743063,15
1552598119.853414,18
1552598119.965424,19
1552598120.077339,16
1552598120.189048,15
1552598120.299199,14
1552598120.410624,7
1552598120.521865,6
1552598120.633256,6
1552598120.743497,7
1552598120.854789,8
1552598120.965228,8
1552598121.079251,8
1552598121.190585,10
1552598121.301314,7
1552598121.412158,7
1552598121.523093,7
1552598121.635283,8
1552598121.746711,9
1552598121.857789,8
1552598121.968741,8
1552598122.080435,8
1552598122.191602,8
1552598122.304597,9
1552598122.415614,10
1552598122.526113,10
1552598122.635600,11
1552598122.746268,10
1552598122.858794,9
1552598122.968827,9
1552598123.080205,9
1552598123.191470,9
1552598123.302466,10
1552598123.413355,10
1552598123.524253,10
1552598123.635504,10
1552598123.746086,10
1552598123.855995,12
1552598123.966824,12
1552598124.076229,11
1552598124.191566,13
1552598124.301864,13
1552598124.413391,19
1552598124.523893,19
1552598124.636046,15
1552598124.747908,13
1552598124.858722,12
1552598124.970127,12
1552598125.081097,13
1552598125.191686,13
1552598125.302432,13
1552598125.412420,13
1552598125.522834,14
1552598125.634088,14
1552598125.744088,13
1552598125.855444,13
1552598125.966198,12
1552598126.077420,13
1552598126.187910,15
1552598126.297934,14
1552598126.409913,14
1552598126.520611,14
1552598126.631807,14
1552598126.742452,15
1552598126.853080,15
1552598126.965357,14
1552598127.076330,14
1552598127.187001,15
1552598127.298398,15
1552598127.410566,15
1552598127.521389,15
1552598127.635641,15
1552598127.745822,17
1552598127.856994,16
1552598127.968377,15
1552598128.079564,19
1552598128.191051,19
1552598128.301511,16
1552598128.411952,16
1552598128.523873,15
1552598128.633202,12
1552598128.744414,6
1552598128.856317,6
1552598128.966641,7
1552598129.078504,9
1552598129.194704,7
1552598129.306827,8
1552598129.420311,9
1552598129.531195,7
1552598129.647315,7
1552598129.764944,7
1552598129.877060,7
1552598129.992379,8
1552598130.106622,8
1552598130.217254,9
1552598130.328816,9
1552598130.446394,8
1552598130.559634,8
1552598130.673937,8
1552598130.788504,9
1552598130.901248,9
1552598131.013033,9
1552598131.128412,9
1552598131.239904,10
1552598131.351471,10
1552598131.464377,10
1552598131.581916,11
1552598131.693832,11
1552598131.807717,11
1552598131.920102,11
1552598132.033329,10
1552598132.145126,10
1552598132.256964,11
1552598132.367346,11
1552598132.477837,12
1552598132.589379,12
1552598132.700100,19
1552598132.812403,17
1552598132.924837,13
1552598133.036277,13
1552598133.150450,12
1552598133.260820,11
1552598133.371720,11
1552598133.482011,12
1552598133.593960,14
1552598133.706571,13
1552598133.817262,13
1552598133.929622,13
1552598134.039353,13
1552598134.151331,13
1552598134.262542,13
1552598134.373302,14
1552598134.484480,14
1552598134.596483,13
1552598134.707416,14
1552598134.818580,14
1552598134.929045,15
1552598135.039615,15
1552598135.150902,15
1552598135.261197,14
1552598135.372908,14
1552598135.484099,14
1552598135.596418,15
1552598135.706811,14
1552598135.817594,16
1552598135.928161,17
1552598136.039024,16
1552598136.151362,15
1552598136.261542,18
1552598136.372611,18
1552598136.483389,17
1552598136.595141,14
1552598136.705408,14
1552598136.817490,9
1552598136.928502,5
1552598137.039147,6
1552598137.149694,7
1552598137.259582,7
1552598137.372195,9
1552598137.483654,9
1552598137.596003,8
1552598137.706369,7
1552598137.817057,7
1552598137.929322,7
1552598138.040659,8
1552598138.150970,8
1552598138.262957,10
1552598138.374096,9
1552598138.485208,8
1552598138.596765,8
1552598138.707560,8
1552598138.819692,9
1552598138.929869,9
1552598139.040434,10
1552598139.152718,10
1552598139.263100,9
1552598139.373547,9
1552598139.484303,9
1552598139.594520,11
1552598139.706279,11
1552598139.816828,11
1552598139.929492,11
1552598140.040294,11
1552598140.151301,11
1552598140.262334,11
1552598140.373620,12
1552598140.486061,11
1552598140.597699,12
1552598140.708010,12
1552598140.819587,19
1552598140.929911,19
1552598141.041546,15
1552598141.152037,13
1552598141.262752,12
1552598141.373015,13
1552598141.484428,12
1552598141.597624,13
1552598141.709979,12
1552598141.820826,12
1552598141.932526,13
1552598142.043691,13
1552598142.163982,13
1552598142.276138,13
1552598142.389033,13
1552598142.499067,13
1552598142.610983,14
1552598142.721728,15
1552598142.831845,14
1552598142.942945,15
1552598143.053768,14
1552598143.163775,11
1552598143.274263,5
1552598143.386251,0
1552598143.497716,0
1552598143.609913,0
1552598143.721802,0
1552598143.833653,0
1552598143.944379,0
